id,predict_0,predict_1,predict_2,real
14121,0.933484386299,0.0635799351816,0.00293567851989,1.0
9320,0.921084568549,0.0699357810899,0.00897965036124,0.0
14394,0.649111489746,0.339032180317,0.0118563299367,1.0
8218,0.364045027427,0.337060842331,0.298894130241,1.0
14804,0.59248667034,0.368101609574,0.0394117200866,0.0
1080,0.644035337884,0.243077623969,0.112887038147,0.0
9731,0.82217389711,0.159206423946,0.0186196789437,0.0
15505,0.945312767052,0.0544311186257,0.000256114322715,0.0
3443,0.669687992914,0.323369887925,0.0069421191609,1.0
13300,0.568000898161,0.222289355157,0.209709746682,1.0
8976,0.518169804915,0.411429447568,0.070400747517,1.0
7965,0.748023880603,0.244754352052,0.00722176734468,0.0
10342,0.575383941457,0.354707289213,0.0699087693307,0.0
6741,0.403283608738,0.50412169299,0.0925946982714,1.0
7187,0.631513742866,0.255309311585,0.113176945549,0.0
16780,0.672882573996,0.310702894522,0.0164145314825,0.0
14195,0.73298864789,0.265326482058,0.00168487005285,0.0
14025,0.622955351461,0.25062437527,0.126420273269,0.0
8548,0.595380007709,0.345863435191,0.0587565571003,1.0
9566,0.704380129747,0.215680164843,0.0799397054097,0.0
15652,0.545312966856,0.214975816908,0.239711216236,0.0
3931,0.57367156087,0.360610666922,0.0657177722085,0.0
4557,0.834501568803,0.139382488812,0.0261159423857,0.0
3610,0.873864376824,0.122396677105,0.00373894607061,0.0
16574,0.742395754616,0.221023606291,0.0365806390934,0.0
7504,0.369857831483,0.582423470467,0.04771869805,1.0
9735,0.744851424135,0.196465278993,0.0586832968717,0.0
14048,0.582977797382,0.344816338008,0.0722058646102,1.0
6769,0.428086194392,0.410775331245,0.161138474363,0.0
2514,0.724293419687,0.212574835688,0.0631317446256,0.0
896,0.63200605078,0.308335296159,0.0596586530602,0.0
4757,0.982901350914,0.0167824770581,0.000316172027798,0.0
16358,0.687212006783,0.286071637231,0.0267163559854,1.0
11810,0.764294386893,0.231040014639,0.00466559846811,0.0
7274,0.520293122515,0.390379335722,0.0893275417634,1.0
2972,0.838725367624,0.154283459111,0.00699117326466,0.0
7392,0.806855147067,0.191653547204,0.00149130572942,0.0
6824,0.845621201115,0.13544773573,0.0189310631553,0.0
4311,0.392949198321,0.222048765544,0.385002036135,2.0
12261,0.488096784235,0.394891390365,0.1170118254,2.0
14752,0.672918149463,0.261576064778,0.0655057857587,0.0
14992,0.362844796488,0.518281038882,0.11887416463,2.0
967,0.484708774493,0.325102766043,0.190188459464,2.0
8059,0.763773333323,0.216004742088,0.0202219245891,0.0
13406,0.61997375264,0.315586293523,0.0644399538372,0.0
11424,0.969677359774,0.0293537787519,0.000968861474206,0.0
3945,0.260015359124,0.24126595451,0.498718686366,2.0
10351,0.444974552574,0.313041738642,0.241983708784,2.0
2272,0.911406578399,0.0878077430074,0.000785678593164,0.0
10752,0.711869916168,0.283115401797,0.0050146820345,1.0
17096,0.181831748445,0.179118698292,0.639049553264,2.0
17314,0.292042923732,0.261044916281,0.446912159987,2.0
12770,0.428547205909,0.361798867312,0.209653926779,1.0
3304,0.652439207261,0.234282091574,0.113278701165,1.0
9012,0.719698511914,0.253454876633,0.0268466114529,0.0
9928,0.29312258611,0.186864353508,0.520013060382,2.0
297,0.587115947503,0.290606671177,0.12227738132,2.0
5751,0.839699711755,0.157394690338,0.002905597907,0.0
17692,0.456568793785,0.513463746382,0.0299674598332,1.0
3688,0.842074437392,0.154774323958,0.00315123865022,0.0
3425,0.283253980676,0.45830319419,0.258442825134,1.0
7871,0.366044660714,0.327198470416,0.30675686887,1.0
10013,0.574795173604,0.396163211457,0.0290416149384,0.0
13832,0.307605683928,0.487798601462,0.20459571461,1.0
11743,0.322071753513,0.287954865883,0.389973380605,1.0
10099,0.566865125353,0.303246707709,0.129888166938,1.0
16682,0.31581297623,0.557092061891,0.127094961879,1.0
10156,0.826066357947,0.170010980076,0.00392266197701,1.0
16154,0.704403967574,0.275504106478,0.0200919259478,0.0
14176,0.673264134223,0.308961969465,0.0177738963123,1.0
14964,0.266553964408,0.313162487824,0.420283547768,2.0
12896,0.320597846563,0.290151526755,0.389250626682,2.0
7288,0.281523327417,0.217271259759,0.501205412823,2.0
15882,0.668599659438,0.190395238403,0.14100510216,0.0
12441,0.358140048318,0.452600715813,0.189259235869,1.0
17248,0.556887075146,0.424746515546,0.0183664093081,0.0
16745,0.699750252422,0.244334667015,0.0559150805633,0.0
5315,0.410213953015,0.29567451941,0.294111527575,0.0
17118,0.554739830374,0.38278902008,0.0624711495461,1.0
7725,0.825943788521,0.151587608644,0.0224686028342,0.0
2311,0.603108591248,0.363148932106,0.0337424766459,0.0
4292,0.751488431898,0.208096538985,0.0404150291166,0.0
15773,0.919585515577,0.0772148471619,0.00319963726119,0.0
6531,0.96868416458,0.0310118140608,0.000304021359511,0.0
16009,0.601676215612,0.364126631536,0.0341971528526,0.0
11930,0.900417727288,0.0965410310066,0.00304124170557,0.0
8541,0.916852831793,0.0801063904398,0.00304077776718,0.0
11019,0.587866444247,0.353346148324,0.0587874074283,0.0
8274,0.880440436939,0.119088511174,0.000471051887001,0.0
722,0.568388641218,0.357388712094,0.074222646688,0.0
12305,0.651219173353,0.339864122732,0.00891670391489,1.0
11444,0.640149971876,0.251252655039,0.108597373085,1.0
4006,0.400913949327,0.367778670042,0.231307380631,1.0
9231,0.574230662066,0.363801718191,0.061967619743,1.0
6821,0.880702449856,0.107397071541,0.0119004786026,0.0
12888,0.717479770057,0.267911890127,0.0146083398155,0.0
6779,0.660438913603,0.33416801898,0.00539306741663,0.0
11232,0.746568737209,0.241659980246,0.011771282545,0.0
11685,0.249940197766,0.322057588218,0.428002214016,2.0
1318,0.549670155236,0.389058624368,0.0612712203957,1.0
909,0.697429649164,0.262159899111,0.0404104517249,1.0
18511,0.437615277661,0.527424794177,0.0349599281616,1.0
16460,0.956477637969,0.0407941946903,0.00272816734084,0.0
12008,0.933512756232,0.0635515652484,0.00293567851989,0.0
6811,0.974667170802,0.025110545684,0.000222283513576,0.0
16071,0.699798985891,0.207292718758,0.0929082953514,0.0
4486,0.623755518537,0.317781530245,0.0584629512186,0.0
183,0.410158502316,0.518537639079,0.0713038586048,1.0
5729,0.865669288234,0.129626834813,0.00470387695358,0.0
15368,0.495673835344,0.384460388784,0.119865775872,0.0
5064,0.620017713056,0.257718571195,0.122263715749,0.0
11530,0.891931570096,0.104926492632,0.00314193727232,0.0
14860,0.599321983226,0.32684116794,0.0738368488337,0.0
13166,0.818672047754,0.157734512396,0.0235934398501,0.0
14528,0.873920664609,0.124345830053,0.00173350533827,0.0
4202,0.52384597177,0.310910804756,0.165243223474,1.0
3916,0.354806869699,0.515334611974,0.129858518326,1.0
11454,0.714023032687,0.25984587373,0.026131093583,1.0
12297,0.66864541387,0.192406939414,0.138947646716,0.0
553,0.294179784889,0.178661401219,0.527158813891,0.0
10390,0.392759512237,0.338381139348,0.268859348415,1.0
5056,0.852349334605,0.145518595082,0.0021320703132,0.0
10503,0.708851616404,0.285240230402,0.00590815319355,0.0
1835,0.431276481743,0.509701229147,0.05902228911,1.0
10085,0.97725484823,0.0224289797421,0.000316172027798,0.0
13807,0.444472647227,0.325145958039,0.230381394734,0.0
11318,0.972354338942,0.0274233775442,0.000222283513576,0.0
533,0.873864376824,0.122396677105,0.00373894607061,0.0
10538,0.568227168727,0.318715033591,0.113057797682,1.0
11549,0.72489309331,0.248964768586,0.0261421381035,0.0
16900,0.838209182607,0.131832864969,0.0299579524239,0.0
599,0.728916661642,0.245292661568,0.0257906767902,0.0
11700,0.411969365496,0.50485769242,0.0831729420836,0.0
18331,0.736769076567,0.221886694698,0.0413442287349,0.0
5381,0.299719325493,0.265920422016,0.434360252491,2.0
13638,0.663960499365,0.199095592849,0.136943907786,0.0
2703,0.755263230401,0.191370489282,0.0533662803165,0.0
13686,0.277612311324,0.233028364706,0.48935932397,0.0
6240,0.255820125105,0.201951497947,0.542228376948,2.0
8546,0.194286768517,0.157674636675,0.648038594808,0.0
4578,0.540643726958,0.419014573003,0.0403417000393,0.0
15870,0.304485642002,0.277292765145,0.418221592853,0.0
17084,0.846751810568,0.147303404197,0.00594478523459,0.0
4114,0.615181753396,0.321913935169,0.0629043114358,0.0
8011,0.769859069335,0.151693500165,0.0784474305009,0.0
6588,0.960965461001,0.0388001048168,0.000234434181863,0.0
12490,0.648891368088,0.278418749887,0.0726898820245,2.0
3975,0.979502422425,0.0201814055476,0.000316172027798,0.0
4720,0.8022862027,0.192920043863,0.00479375343727,0.0
15209,0.660523644202,0.242754910971,0.0967214448267,0.0
6092,0.709486246439,0.246911038365,0.0436027151961,1.0
9426,0.353193694107,0.230631847941,0.416174457953,0.0
2307,0.948644552814,0.0484270946735,0.00292835251256,0.0
13291,0.433195213392,0.527779332975,0.0390254536337,0.0
17245,0.526651341249,0.44204038283,0.0313082759209,1.0
11726,0.899110648629,0.0681336079616,0.0327557434096,0.0
15486,0.537458866008,0.307675400849,0.154865733142,0.0
9033,0.605476542122,0.309150090503,0.0853733673754,2.0
9959,0.355138747241,0.514784160245,0.130077092515,0.0
3798,0.974177639034,0.0255061889381,0.000316172027798,0.0
15624,0.312323543172,0.36678290863,0.320893548198,1.0
5995,0.796543791971,0.202440721326,0.00101548670246,0.0
9644,0.567494479249,0.357522356844,0.0749831639068,0.0
10779,0.943843158802,0.0554046919198,0.000752149277764,0.0
9734,0.744490442087,0.254833172485,0.000676385427864,1.0
14954,0.502187255411,0.377125564768,0.120687179821,1.0
15493,0.715819024271,0.256386501244,0.0277944744848,0.0
6222,0.468132901233,0.481571964597,0.0502951341695,1.0
17390,0.67268240308,0.31653433047,0.0107832664497,1.0
6826,0.464355370123,0.484552360161,0.051092269716,1.0
8611,0.333995731455,0.349870031836,0.316134236709,2.0
9087,0.741201374189,0.166725585761,0.09207304005,0.0
17472,0.374020310414,0.575566836265,0.0504128533203,1.0
12760,0.764294386893,0.231040014639,0.00466559846811,0.0
4963,0.295705448199,0.275331605252,0.428962946549,2.0
6225,0.217873212318,0.357354286978,0.424772500704,1.0
7959,0.568688420745,0.393513300918,0.0377982783368,0.0
1773,0.576886821049,0.367789219278,0.0553239596732,1.0
6136,0.92030144195,0.0793084414144,0.000390116635202,1.0
5965,0.527766284565,0.415325863102,0.056907852333,1.0
5390,0.842345254431,0.154749147662,0.002905597907,0.0
13663,0.422803913009,0.232951979177,0.344244107815,2.0
4501,0.721245385629,0.251368113357,0.0273865010144,0.0
13442,0.334254612588,0.40972923747,0.256016149943,1.0
6958,0.753079739124,0.207860277429,0.0390599834467,0.0
16339,0.399385339862,0.5410804099,0.0595342502373,0.0
9372,0.430069618733,0.279859547333,0.290070833933,0.0
5576,0.396681496703,0.556018804753,0.0472996985442,1.0
663,0.252817104482,0.216434733149,0.53074816237,0.0
1473,0.564762654127,0.358734327958,0.076503017915,1.0
949,0.543730671899,0.383407639383,0.0728616887175,0.0
10513,0.500616224726,0.429465932821,0.0699178424536,0.0
14289,0.604257575462,0.334270497666,0.0614719268713,1.0
15260,0.846858716731,0.147196498034,0.00594478523459,0.0
9812,0.606905864079,0.291226851181,0.101867284739,0.0
4916,0.299012841961,0.266447974601,0.434539183438,2.0
17515,0.615531769672,0.27760326519,0.106864965138,2.0
17388,0.808271959271,0.18678123382,0.00494680690902,0.0
4450,0.842603072002,0.127858638114,0.0295382898839,0.0
16258,0.800921563094,0.129944961808,0.0691334750981,0.0
10528,0.642145348871,0.344963553108,0.012891098021,0.0
4003,0.827383431124,0.170686525356,0.00193004351949,1.0
3954,0.712294077979,0.27454155251,0.0131643695111,1.0
13945,0.58811760599,0.370955719428,0.0409266745824,1.0
15607,0.665756447286,0.303235571311,0.0310079814026,0.0
11897,0.433095692977,0.309882261607,0.257022045416,0.0
12609,0.77322498675,0.154637463472,0.0721375497775,0.0
10122,0.996497199013,0.00350280098716,0.0,0.0
7886,0.858956963174,0.137926241344,0.00311679548145,0.0
15771,0.773367616371,0.153982221912,0.0726501617172,0.0
17681,0.52616341119,0.411416563012,0.0624200257981,0.0
15863,0.484854746597,0.389000981297,0.126144272106,2.0
17690,0.320755883438,0.38619539951,0.293048717052,1.0
8606,0.97725484823,0.0224289797421,0.000316172027798,0.0
11362,0.732411645275,0.262964083843,0.00462427088171,0.0
4604,0.613499055002,0.319928233122,0.0665727118755,0.0
5480,0.978626214919,0.0212975318482,7.62532323893e-05,0.0
12277,0.347196744235,0.119758518092,0.533044737673,2.0
1400,0.864553592936,0.129477442345,0.0059689647196,0.0
6687,0.920254765842,0.0707918455549,0.00895338860314,0.0
11153,0.764860362328,0.198387654443,0.0367519832287,0.0
8313,0.254169650774,0.189380246212,0.556450103015,2.0
5787,0.749509746804,0.243268485851,0.00722176734468,0.0
741,0.479179115408,0.471880515071,0.0489403695214,0.0
16502,0.773831729012,0.152461107877,0.0737071631113,0.0
4036,0.431136590382,0.330333095785,0.238530313832,0.0
5029,0.719698511914,0.253454876633,0.0268466114529,0.0
18158,0.330692927999,0.396757582222,0.272549489779,1.0
18441,0.928822770925,0.0682415505555,0.00293567851989,0.0
4268,0.821690866888,0.17179715575,0.00651197736194,0.0
4092,0.368872529841,0.260096045668,0.371031424491,0.0
16819,0.826229749111,0.166688769546,0.00708148134234,0.0
7774,0.317185289572,0.363592886723,0.319221823705,2.0
5824,0.732399893272,0.227581283294,0.0400188234343,0.0
7295,0.3665481491,0.298603285995,0.334848564905,1.0
18146,0.646608863383,0.248484048703,0.104907087914,0.0
17409,0.404754186422,0.240925748216,0.354320065362,2.0
6095,0.687417008809,0.250374473194,0.0622085179967,0.0
9032,0.715582489334,0.224392593528,0.0600249171377,0.0
5210,0.943609802752,0.0530869327423,0.00330326450587,0.0
11177,0.842407840991,0.154686561102,0.002905597907,0.0
12324,0.427915013834,0.530275211892,0.0418097742733,1.0
1697,0.70659565629,0.266586942044,0.026817401666,0.0
3106,0.664608277629,0.29311487227,0.0422768501016,1.0
7824,0.728471273011,0.259083911717,0.0124448152725,0.0
2588,0.326804965169,0.262671557063,0.410523477769,0.0
13644,0.873864376824,0.122396677105,0.00373894607061,0.0
13082,0.960024269421,0.0374045199995,0.00257121057986,0.0
8150,0.940355191653,0.056642106392,0.00300270195494,0.0
6234,0.292068394845,0.200635293071,0.507296312084,0.0
10350,0.884902202034,0.112302321396,0.00279547656955,0.0
13538,0.825417472732,0.152113924434,0.0224686028342,0.0
2338,0.837121587691,0.158467422949,0.00441098936085,0.0
17947,0.920499958359,0.079464219515,3.58221257949e-05,0.0
9786,0.633519801695,0.322166137909,0.0443140603962,0.0
9514,0.747827702595,0.211614745753,0.0405575516522,0.0
13670,0.756461550597,0.208502920193,0.0350355292096,0.0
15482,0.554139237162,0.386832336172,0.0590284266661,0.0
12517,0.626666738853,0.315783617962,0.0575496431848,1.0
411,0.340797894395,0.258515952819,0.400686152786,1.0
10237,0.529553908167,0.289046375895,0.181399715938,0.0
12734,0.340397078939,0.252199035023,0.407403886038,0.0
10863,0.763082265681,0.232252135851,0.00466559846811,0.0
11390,0.738657311919,0.220069671016,0.0412730170659,0.0
5260,0.515824434557,0.422687774263,0.0614877911797,0.0
8244,0.76237879337,0.233406324789,0.00421488184074,1.0
4161,0.569805168492,0.391094955854,0.0390998756542,1.0
16354,0.614460888136,0.323990481885,0.0615486299793,0.0
15236,0.956294594374,0.0399009029144,0.00380450271185,0.0
14877,0.402527568116,0.535279926361,0.0621925055227,0.0
4810,0.920038141032,0.0768352144071,0.00312664456046,0.0
4637,0.77110387938,0.208674196031,0.0202219245891,0.0
14124,0.612319624779,0.320527337879,0.0671530373423,1.0
4737,0.92607809446,0.0733253474675,0.000596558072259,0.0
5377,0.567097649067,0.375956828123,0.0569455228099,1.0
14696,0.299302274311,0.23874055549,0.461957170199,0.0
2880,0.578551834326,0.33054618649,0.0909019791837,1.0
17021,0.837162971775,0.156260003269,0.00657702495551,0.0
11043,0.97267407143,0.026317522882,0.00100840568802,0.0
6,0.634146818923,0.346516157709,0.0193370233685,1.0
2380,0.564053497331,0.246802249309,0.189144253359,1.0
6563,0.64690856108,0.293891388422,0.059200050498,0.0
2273,0.707037239236,0.200368339811,0.0925944209523,0.0
1743,0.515944111034,0.434708472294,0.0493474166717,1.0
12919,0.341736070737,0.390633887717,0.267630041547,2.0
7922,0.569979972276,0.36587931513,0.0641407125935,0.0
8201,0.796544054196,0.18468611952,0.0187698262848,0.0
13659,0.814554255307,0.180080179026,0.00536556566754,0.0
2861,0.510565311226,0.257113397766,0.232321291008,0.0
17883,0.303847926537,0.436508667245,0.259643406218,2.0
17057,0.932134775776,0.0676626909667,0.000202533257261,0.0
12316,0.641997956275,0.349686484422,0.00831555930263,0.0
12541,0.577791030296,0.368439515532,0.0537694541718,0.0
363,0.712138758848,0.206215671317,0.0816455698345,0.0
4166,0.624013243032,0.302144888126,0.0738418688421,1.0
8354,0.33644077454,0.342861588121,0.320697637338,0.0
9160,0.375990852024,0.518172476921,0.105836671055,1.0
1476,0.873452386294,0.122808667635,0.00373894607061,0.0
8193,0.870081822091,0.108107509811,0.0218106680981,1.0
12708,0.588815366554,0.348931897584,0.0622527358626,1.0
13410,0.49641868232,0.492220289934,0.011361027746,0.0
12066,0.91965102463,0.0777860826342,0.00256289273622,0.0
8570,0.654942829456,0.276889955395,0.0681672151488,0.0
4204,0.635519719096,0.305013560801,0.059466720103,0.0
18290,0.933401629433,0.0636626920467,0.00293567851989,0.0
11441,0.323406168089,0.355638059763,0.320955772148,2.0
17975,0.617802033151,0.31716620998,0.0650317568695,1.0
11262,0.2732598686,0.274864014528,0.451876116872,0.0
3768,0.700612594575,0.218047192039,0.0813402133863,0.0
11418,0.929829435885,0.0672348855949,0.00293567851989,0.0
13813,0.317614157014,0.582395249411,0.0999905935748,1.0
1665,0.3177100945,0.376969384958,0.305320520542,1.0
4170,0.728916661642,0.245292661568,0.0257906767902,0.0
12798,0.777277853561,0.13063120092,0.0920909455189,0.0
681,0.715704700729,0.224980169156,0.0593151301146,0.0
319,0.682771488287,0.246872707432,0.0703558042818,0.0
17956,0.943954699018,0.0553645802754,0.000680720706336,0.0
429,0.895928997856,0.07013101043,0.033939991714,0.0
6663,0.566285461877,0.357642009424,0.076072528699,1.0
10586,0.691077280805,0.29288995937,0.0160327598257,1.0
8583,0.633709462195,0.305812444064,0.0604780937408,0.0
8030,0.857578181243,0.139314299065,0.00310751969254,0.0
5099,0.886368573672,0.105728347535,0.00790307879279,0.0
446,0.348897165551,0.609262492302,0.0418403421464,1.0
5725,0.275729955671,0.470060252566,0.254209791763,1.0
15436,0.44917975891,0.310100373829,0.240719867261,0.0
6758,0.910218361634,0.087156477863,0.002625160503,0.0
6449,0.971222220638,0.0285554958482,0.000222283513576,0.0
4552,0.295484325447,0.304884916321,0.399630758232,1.0
17865,0.295979689321,0.254992152988,0.449028157691,0.0
1645,0.313305056701,0.503037294107,0.183657649192,1.0
1308,0.73892217123,0.25386674925,0.00721107951988,0.0
8781,0.898604463674,0.0985289518076,0.00286658451851,1.0
831,0.925336844531,0.0741764405387,0.000486714930339,0.0
15145,0.589809662849,0.246880641563,0.163309695588,0.0
17654,0.770225316627,0.204026462652,0.0257482207208,0.0
603,0.960575201855,0.0391086261173,0.000316172027798,0.0
5962,0.7281792013,0.269694746304,0.00212605239604,0.0
11520,0.612319624779,0.320527337879,0.0671530373423,0.0
10341,0.754342199582,0.227922586045,0.0177352143727,0.0
5070,0.296311646996,0.198855309558,0.504833043447,0.0
1197,0.939460083186,0.05728820435,0.00325171246408,0.0
6187,0.467031276661,0.255322671894,0.277646051445,1.0
733,0.505496742079,0.37839591648,0.116107341441,0.0
2242,0.960931497089,0.038950003267,0.000118499643816,0.0
479,0.600919490002,0.335317388722,0.0637631212766,0.0
12362,0.920611881857,0.0770980953151,0.00229002282776,0.0
14596,0.764064018163,0.233764396766,0.00217158507016,0.0
6801,0.309017692434,0.281519235418,0.409463072148,1.0
4896,0.561775968904,0.392659661441,0.0455643696547,1.0
3287,0.304637991314,0.406766920855,0.288595087831,1.0
8377,0.705574216681,0.289613149797,0.00481263352155,1.0
14233,0.62979160598,0.307503238867,0.062705155153,0.0
5065,0.63198025845,0.297987223883,0.0700325176667,0.0
6233,0.897410923378,0.0910755221206,0.0115135545011,0.0
4160,0.6856336253,0.288716997898,0.0256493768022,0.0
16840,0.934064914895,0.0629994065847,0.00293567851989,0.0
18192,0.818674521848,0.158595347655,0.0227301304976,0.0
7711,0.596001863329,0.36187000255,0.0421281341208,0.0
7254,0.35761856775,0.407825023441,0.234556408809,1.0
3214,0.61313900699,0.287331642057,0.0995293509527,0.0
14597,0.794437265556,0.182832603947,0.0227301304976,1.0
15086,0.279213954552,0.263433226836,0.457352818612,2.0
8686,0.728492180833,0.260213960498,0.0112938586685,0.0
16989,0.273632392517,0.241523445659,0.484844161824,2.0
420,0.316749750512,0.628712724145,0.0545375253433,0.0
16891,0.974534781891,0.025149046081,0.000316172027798,0.0
8046,0.57035942746,0.343934217349,0.0857063551905,1.0
7484,0.730016202969,0.254979239372,0.0150045576594,0.0
14880,0.710439154428,0.242326604067,0.0472342415046,0.0
16049,0.466636895839,0.343428570283,0.189934533878,0.0
227,0.310120154319,0.192611555294,0.497268290387,0.0
1387,0.622353205202,0.369331235495,0.00831555930263,0.0
12011,0.935067504149,0.0615562386445,0.0033762572066,0.0
6123,0.601915842384,0.32976747036,0.0683166872557,0.0
8935,0.57367156087,0.360610666922,0.0657177722085,0.0
2865,0.826090775934,0.151179093568,0.0227301304976,0.0
17241,0.777243390122,0.18586148486,0.0368951250188,0.0
5237,0.71812013043,0.2561002373,0.0257796322697,0.0
3185,0.753025945351,0.243662278132,0.00331177651628,1.0
4691,0.776101199265,0.16810303762,0.0557957631159,0.0
8423,0.761343278153,0.233424102306,0.00523261954089,0.0
17894,0.753079739124,0.207860277429,0.0390599834467,0.0
14642,0.968111046126,0.0308805481859,0.00100840568802,0.0
5292,0.967447578402,0.032476168366,7.62532323893e-05,0.0
3670,0.388268429249,0.558951190877,0.0527803798739,1.0
7301,0.760926265179,0.176733092355,0.0623406424664,1.0
2105,0.717616133752,0.269131380954,0.0132524852941,0.0
1954,0.877911374313,0.115985038353,0.00610358733386,0.0
7699,0.652071281404,0.296863892368,0.0510648262275,0.0
15680,0.384627301411,0.365154763194,0.250217935396,1.0
16960,0.958767753485,0.0408691836268,0.000363062887942,0.0
2476,0.88803095088,0.111184092746,0.000784956373573,0.0
4646,0.969002749136,0.0309260402837,7.12105798576e-05,0.0
4826,0.974265415458,0.0255123010287,0.000222283513576,0.0
14595,0.361911933545,0.416041383607,0.222046682848,1.0
12970,0.500840149211,0.469767830693,0.0293920200958,1.0
9353,0.702887449274,0.293026705648,0.00408584507791,0.0
17222,0.916139139579,0.0812381686163,0.00262269180516,0.0
10057,0.969370687469,0.0303723608806,0.000256951650298,0.0
12864,0.331930033891,0.269824493756,0.398245472352,2.0
16999,0.764291259588,0.197796451355,0.037912289057,0.0
2692,0.777486924707,0.217149868094,0.00536320719959,0.0
14976,0.899110648629,0.0681336079616,0.0327557434096,0.0
6847,0.897093680274,0.101851990952,0.00105432877424,1.0
15784,0.77545209323,0.136855295939,0.087692610831,0.0
8439,0.580806048781,0.403211551351,0.015982399868,1.0
7067,0.263830057945,0.193509153442,0.542660788612,0.0
18113,0.670533747631,0.322524133208,0.0069421191609,1.0
17415,0.71560141417,0.257200513063,0.0271980727662,0.0
12978,0.882149293249,0.0873483091056,0.0305023976452,0.0
5459,0.621665159183,0.352775227077,0.0255596137399,0.0
10742,0.501808810873,0.438473015601,0.0597181735259,1.0
497,0.782565167598,0.212732441654,0.00470239074861,0.0
6646,0.758113348025,0.207492010368,0.034394641607,0.0
12958,0.355757709051,0.28006204833,0.364180242619,0.0
5394,0.687212006783,0.286071637231,0.0267163559854,0.0
12610,0.325575625175,0.636084315842,0.0383400589835,1.0
5926,0.658112268879,0.323708155548,0.0181795755729,0.0
9713,0.989789534881,0.0100037234039,0.000206741715389,0.0
7364,0.705924673374,0.267413620798,0.0266617058279,0.0
5311,0.822551569434,0.154573633589,0.0228747969766,0.0
13337,0.756548269281,0.239327325283,0.0041244054363,0.0
11149,0.941710625062,0.0579458056499,0.000343569288072,0.0
6938,0.6579018044,0.30360490114,0.0384932944594,1.0
14109,0.648891368088,0.278418749887,0.0726898820245,0.0
16926,0.811462445239,0.185573364931,0.00296418982993,0.0
5219,0.928822770925,0.0682415505555,0.00293567851989,0.0
14939,0.331197733022,0.461258600356,0.207543666621,1.0
6492,0.806319302013,0.172226539397,0.0214541585896,0.0
4107,0.785212103704,0.187602528279,0.0271853680167,0.0
506,0.491393948356,0.38144821685,0.127157834794,0.0
2435,0.586010563785,0.349069389869,0.0649200463454,1.0
12376,0.574140634923,0.299951432207,0.12590793287,1.0
135,0.885502994517,0.0926863373845,0.0218106680981,0.0
9605,0.934036544962,0.0630277765179,0.00293567851989,0.0
13872,0.634909537431,0.317903269194,0.0471871933757,0.0
15057,0.292762241876,0.213380823168,0.493856934956,0.0
11020,0.355719327682,0.605266879373,0.0390137929443,1.0
3536,0.823323509451,0.139019079892,0.0376574106566,0.0
14249,0.365881038549,0.153916095038,0.480202866412,2.0
3979,0.718958222604,0.273012106464,0.00802967093191,0.0
8293,0.870808821269,0.125452232661,0.00373894607061,0.0
2987,0.975321430455,0.024607358965,7.12105798576e-05,0.0
2361,0.292892288473,0.222834842783,0.484272868744,2.0
11595,0.388220150169,0.392019054476,0.219760795355,2.0
15473,0.50404324024,0.211069296588,0.284887463172,0.0
8927,0.945583873919,0.0514163449975,0.00299978108399,0.0
7128,0.291382270236,0.180290130109,0.528327599656,1.0
5580,0.71300067867,0.184722411024,0.102276910306,0.0
2302,0.630547399565,0.247066823561,0.122385776874,0.0
3332,0.942597392789,0.0541375106442,0.00326509656694,0.0
15011,0.379572806212,0.573418915219,0.0470082785686,1.0
3262,0.372615777296,0.378619548588,0.248764674116,0.0
8459,0.191667259849,0.154167104052,0.6541656361,0.0
3303,0.523600278764,0.422816008863,0.0535837123724,0.0
7207,0.977510349047,0.0222673674396,0.000222283513576,0.0
2560,0.985452645023,0.0144993821825,4.79727940817e-05,0.0
5935,0.935067504149,0.0615562386445,0.0033762572066,0.0
17817,0.725373244911,0.261985863978,0.0126408911107,0.0
6081,0.608543289748,0.329984783381,0.0614719268713,0.0
1244,0.647068456864,0.34753847572,0.00539306741663,1.0
784,0.924234183163,0.0729015668884,0.00286424994846,0.0
5703,0.346106228128,0.251662684716,0.402231087155,2.0
4848,0.516991150662,0.329954603127,0.153054246211,0.0
5634,0.31732056924,0.467325845218,0.215353585542,1.0
16696,0.84396273317,0.117894936311,0.0381423305193,0.0
12619,0.846751810568,0.147303404197,0.00594478523459,0.0
15671,0.67192527421,0.321132606629,0.0069421191609,1.0
12676,0.763064181636,0.232604413538,0.00433140482578,0.0
18093,0.491143817725,0.456424476728,0.0524317055464,1.0
11855,0.488902545699,0.469432291692,0.0416651626086,1.0
1456,0.680426011878,0.23932288576,0.0802511023616,0.0
17460,0.237268775212,0.309274895794,0.453456328994,1.0
12099,0.624606759411,0.313754587932,0.061638652657,0.0
274,0.934036544962,0.0630277765179,0.00293567851989,0.0
105,0.678034172406,0.316476485526,0.00548934206817,1.0
13301,0.530947744041,0.403162862686,0.0658893932735,0.0
12782,0.736760360931,0.212431454157,0.0508081849125,2.0
8928,0.636229515991,0.355655387371,0.00811509663785,0.0
11604,0.715535130218,0.257005269352,0.0274596004296,0.0
16445,0.764062129573,0.198450177785,0.037487692642,0.0
16694,0.441039351771,0.341393842269,0.21756680596,1.0
646,0.96047881279,0.0391669976455,0.00035418956445,0.0
11171,0.492259818566,0.2998107874,0.207929394034,0.0
18228,0.287534629465,0.229478448271,0.482986922263,2.0
1104,0.478813630466,0.314520992498,0.206665377036,1.0
16966,0.442309281963,0.535175504862,0.0225152131744,0.0
16874,0.66279693526,0.213262535127,0.123940529613,0.0
18127,0.376857573505,0.574489957765,0.0486524687301,1.0
1205,0.97725484823,0.0224289797421,0.000316172027798,0.0
3172,0.974059644181,0.0259403558188,0.0,0.0
18535,0.806768027363,0.192636522461,0.000595450176066,0.0
8729,0.37284686471,0.278900883872,0.348252251417,1.0
3384,0.660640656486,0.208461835674,0.13089750784,0.0
7640,0.59725901706,0.335895011506,0.066845971434,0.0
7007,0.814016259943,0.162390300207,0.0235934398501,0.0
11469,0.81661213821,0.176167587053,0.00722027473658,0.0
16837,0.57807956959,0.358663393018,0.063257037392,1.0
17237,0.763027477789,0.199105761609,0.0378667606018,0.0
19,0.510721817725,0.400762861917,0.088515320358,1.0
14290,0.727109204766,0.258704843475,0.0141859517591,0.0
6761,0.697946050534,0.282368033402,0.0196859160636,0.0
15850,0.880296787715,0.116971838279,0.00273137400545,0.0
16249,0.950412473159,0.0485579847061,0.00102954213524,0.0
11170,0.873308821269,0.122952232661,0.00373894607061,0.0
9380,0.491588595258,0.457682253143,0.0507291515994,1.0
1790,0.594939731437,0.385723245195,0.0193370233685,0.0
14735,0.296693910575,0.218194547358,0.485111542067,2.0
14241,0.597362993949,0.344000499645,0.0586365064061,1.0
5689,0.909120871803,0.0818994778357,0.00897965036124,0.0
14799,0.655059156962,0.28225962584,0.0626812171973,1.0
15037,0.71560141417,0.257200513063,0.0271980727662,0.0
17745,0.754149391322,0.196252211485,0.0495983971933,1.0
874,0.252200668345,0.166854737445,0.58094459421,2.0
11724,0.756998866729,0.196438827969,0.046562305302,0.0
12109,0.611749772384,0.335169145758,0.0530810818587,0.0
2589,0.639592558371,0.244090750012,0.116316691617,1.0
1619,0.501713177779,0.428646509268,0.0696403129532,0.0
9224,0.63200605078,0.308335296159,0.0596586530602,0.0
6197,0.681197157974,0.276202464655,0.0426003773707,0.0
6643,0.547821933784,0.375757414883,0.0764206513331,1.0
14544,0.71812013043,0.2561002373,0.0257796322697,1.0
14337,0.719698511914,0.253454876633,0.0268466114529,0.0
16159,0.918871253387,0.0802207070539,0.000908039559269,0.0
12623,0.843525383398,0.150529831368,0.00594478523459,0.0
11193,0.511201999725,0.388081810768,0.100716189507,1.0
10700,0.747108271684,0.245669960972,0.00722176734468,0.0
1264,0.534508560371,0.233035627405,0.232455812224,0.0
18386,0.958969212898,0.0370934323672,0.00393735473498,0.0
5364,0.973601722021,0.0261179280774,0.000280349902003,0.0
16123,0.383697701947,0.569790104352,0.0465121937005,0.0
6111,0.29031313997,0.450786336357,0.258900523673,1.0
7607,0.228430587185,0.26063725158,0.510932161235,2.0
14830,0.387179459054,0.565356907976,0.0474636329704,1.0
12961,0.56203914676,0.269508162095,0.168452691144,2.0
16230,0.608836652918,0.23883948847,0.152323858612,0.0
8174,0.499618935057,0.447654082127,0.0527269828158,1.0
15369,0.500179002887,0.389555212059,0.110265785054,0.0
4558,0.978611065964,0.0211666505223,0.000222283513576,0.0
12259,0.778897853617,0.189729644169,0.0313725022136,0.0
14532,0.628406688549,0.309641589579,0.0619517218715,0.0
6004,0.980988566944,0.0190114330555,0.0,0.0
12646,0.819048605095,0.176157641468,0.00479375343727,0.0
8685,0.889090122518,0.107789862177,0.00312001530512,0.0
11183,0.585585771867,0.336565800588,0.0778484275447,0.0
8953,0.67192527421,0.321132606629,0.0069421191609,1.0
17491,0.6082887824,0.347208363039,0.0445028545609,0.0
13130,0.980817718186,0.0166822818136,0.0025,0.0
14740,0.80476660095,0.152953327674,0.042280071376,0.0
532,0.805646589913,0.171919080961,0.0224343291265,0.0
13907,0.738324977913,0.227786593242,0.033888428845,1.0
18363,0.431506901737,0.400925631252,0.167567467011,1.0
10422,0.835955993577,0.138696020886,0.0253479855371,0.0
6041,0.281666906788,0.180796735101,0.537536358111,0.0
8590,0.38429310486,0.349923827171,0.265783067969,2.0
17319,0.930950402893,0.0661139185874,0.00293567851989,0.0
14844,0.566840199693,0.364989961338,0.0681698389695,1.0
6719,0.312260493769,0.26763755045,0.42010195578,2.0
417,0.455748138888,0.517827997522,0.0264238635899,1.0
16552,0.446043464124,0.473077230042,0.0808793058337,1.0
2145,0.950252975918,0.0454050483728,0.00434197570898,0.0
13169,0.6856336253,0.288716997898,0.0256493768022,0.0
15657,0.774829651605,0.224115927543,0.00105442085188,0.0
17361,0.948982788582,0.048017430334,0.00299978108399,0.0
17844,0.974534781891,0.025149046081,0.000316172027798,0.0
16368,0.975546628461,0.0243821609593,7.12105798576e-05,0.0
4652,0.763697866642,0.174535653571,0.061766479787,0.0
4238,0.350141822979,0.516274611348,0.133583565672,0.0
7490,0.275620896318,0.22305221634,0.501326887342,2.0
8847,0.771738942332,0.153172052308,0.0750890053597,0.0
11995,0.440325581563,0.36282939166,0.196845026776,0.0
7139,0.761673268729,0.23309411173,0.00523261954089,0.0
6002,0.956294594374,0.0399009029144,0.00380450271185,0.0
14402,0.607149855234,0.324383797003,0.0684663477628,0.0
14409,0.889238112882,0.0739744292246,0.0367874578935,0.0
1098,0.843132068229,0.133907696778,0.0229602349926,0.0
12774,0.637200896196,0.353747495465,0.00905160833853,1.0
5249,0.241676458614,0.193108853195,0.565214688191,2.0
1382,0.308173428553,0.397940624332,0.293885947115,2.0
15226,0.6856336253,0.288716997898,0.0256493768022,1.0
94,0.425821297407,0.491385124906,0.082793577687,2.0
9591,0.850085143901,0.143970070864,0.00594478523459,0.0
11886,0.585850508929,0.354996124549,0.0591533665221,0.0
1621,0.489002122022,0.457468611456,0.053529266522,1.0
810,0.613917903172,0.364393243299,0.0216888535295,0.0
8536,0.623652625163,0.368031815534,0.00831555930263,1.0
3169,0.727770301566,0.270508470579,0.00172122785579,1.0
6788,0.402285549563,0.250608344664,0.347106105774,2.0
3111,0.639592558371,0.244090750012,0.116316691617,0.0
4080,0.687212006783,0.286071637231,0.0267163559854,1.0
18193,0.662791369835,0.331815562748,0.00539306741663,1.0
16218,0.29812643785,0.442356283285,0.259517278865,1.0
4246,0.826154671287,0.166763847371,0.00708148134234,0.0
14125,0.602912692869,0.331913650195,0.065173656936,0.0
821,0.300874858391,0.37515435702,0.32397078459,1.0
13006,0.872896830738,0.123364223191,0.00373894607061,0.0
18173,0.715535130218,0.257005269352,0.0274596004296,0.0
11276,0.309052338239,0.268942260183,0.422005401577,0.0
10371,0.97355189329,0.0263178181901,0.000130288519606,0.0
9261,0.997157287157,0.00284271284271,0.0,0.0
18297,0.662246605397,0.260005948771,0.0777474458315,0.0
912,0.570512584577,0.362902936055,0.0665844793673,1.0
7579,0.568778370436,0.388288033557,0.0429335960067,1.0
10263,0.8403735456,0.157984111928,0.00164234247178,1.0
18391,0.537934867987,0.236650721202,0.225414410811,0.0
16015,0.687551982217,0.184898080652,0.127549937131,1.0
17938,0.95056571373,0.0492317530126,0.000202533257261,0.0
2894,0.647493804032,0.314102952223,0.0384032437449,0.0
6648,0.757666386611,0.190391026557,0.0519425868319,0.0
11137,0.518421841658,0.406178788714,0.0753993696276,2.0
17054,0.978428257149,0.0213494593372,0.000222283513576,0.0
6495,0.5754559735,0.380157036389,0.0443869901116,0.0
10070,0.954241843916,0.0456275057716,0.000130650312103,0.0
11029,0.65537410338,0.300585329452,0.0440405671677,1.0
16043,0.948672922747,0.0483987247402,0.00292835251256,0.0
12529,0.532616706001,0.332755565808,0.134627728191,0.0
9536,0.832312810546,0.164860878202,0.00282631125163,1.0
5281,0.708710756027,0.199862008188,0.0914272357854,0.0
14815,0.384938787941,0.570866893889,0.0441943181698,0.0
11651,0.619020976536,0.372663464161,0.00831555930263,1.0
6697,0.734012828797,0.221207846794,0.0447793244086,0.0
488,0.846858716731,0.147196498034,0.00594478523459,0.0
9228,0.791872964068,0.174800146233,0.0333268896982,1.0
6298,0.283977817867,0.174813500795,0.541208681338,2.0
12674,0.669687992914,0.323369887925,0.0069421191609,0.0
18262,0.734941525718,0.251047997392,0.0140104768901,0.0
3569,0.610423709069,0.32042678167,0.0691495092609,1.0
17870,0.920013492505,0.0770441717198,0.00294233577532,0.0
2074,0.948742203328,0.0482580155881,0.00299978108399,0.0
16700,0.241776758649,0.197558576395,0.560664664957,2.0
8286,0.893103231071,0.0953832144283,0.0115135545011,1.0
6739,0.472408253705,0.488715679822,0.0388760664729,0.0
13417,0.590303247981,0.310139156768,0.099557595251,0.0
12365,0.628708205162,0.305201801466,0.0660899933721,0.0
6966,0.388515614236,0.561337618824,0.0501467669407,1.0
6572,0.534749112512,0.435651564375,0.0295993231134,0.0
8558,0.621215753959,0.247848798665,0.130935447376,0.0
11860,0.834559670358,0.154101624913,0.0113387047281,0.0
15193,0.722881688908,0.233161065422,0.0439572456701,0.0
17502,0.844044862972,0.118297726372,0.0376574106566,0.0
13120,0.566966835141,0.398107780929,0.03492538393,0.0
17275,0.643859935168,0.303039223794,0.0531008410374,1.0
16879,0.830400366805,0.148290141085,0.0213094921106,0.0
18392,0.7894701186,0.206273996011,0.0042558853887,1.0
11333,0.698194268356,0.296313675782,0.0054920558622,0.0
16107,0.610503073127,0.271363743251,0.118133183623,0.0
2054,0.843162748083,0.155388229486,0.00144902243132,0.0
6395,0.719311140807,0.275862356976,0.00482650221645,0.0
14049,0.811992780631,0.185957841487,0.00204937788209,0.0
10894,0.806261650162,0.191422836758,0.00231551308033,0.0
6591,0.570818721024,0.368704592727,0.0604766862492,1.0
11403,0.77146263183,0.157575527261,0.070961840909,0.0
18213,0.83165433882,0.145193685774,0.0231519754055,0.0
1691,0.98769850526,0.0123014947401,0.0,0.0
13032,0.8245738831,0.152991787773,0.0224343291265,0.0
13322,0.769222078964,0.187754020637,0.043023900399,0.0
1974,0.753079739124,0.207860277429,0.0390599834467,0.0
8387,0.865669288234,0.129626834813,0.00470387695358,0.0
9942,0.933512756232,0.0635515652484,0.00293567851989,0.0
9577,0.586608168253,0.338953634328,0.0744381974192,0.0
5904,0.982952964817,0.0169043960314,0.000142639151286,0.0
7456,0.722830421619,0.264439048823,0.0127305295582,0.0
14265,0.671164680546,0.279078447539,0.0497568719158,0.0
17219,0.831884956175,0.163053127206,0.00506191661877,0.0
1086,0.601915842384,0.32976747036,0.0683166872557,0.0
17788,0.677301745294,0.317983023782,0.00471523092415,0.0
5336,0.97330955228,0.0266263451556,6.41025641026e-05,0.0
1314,0.322071753513,0.287954865883,0.389973380605,0.0
7208,0.760926265179,0.176733092355,0.0623406424664,0.0
10998,0.617533439941,0.196688418042,0.185778142017,0.0
2143,0.622831280776,0.32186990218,0.0552988170443,0.0
1164,0.426613297205,0.198640084573,0.374746618222,2.0
6471,0.422096226298,0.320486864082,0.257416909621,2.0
9099,0.750813472443,0.12902975194,0.120156775617,0.0
13296,0.507576068365,0.420874959118,0.0715489725175,1.0
978,0.499909795389,0.455570313765,0.0445198908453,1.0
3645,0.726401210739,0.270453634462,0.00314515479904,0.0
4802,0.679062741626,0.314029582382,0.00690767599213,1.0
10027,0.211102591461,0.188263319973,0.600634088566,1.0
1022,0.398760323218,0.388877926556,0.212361750226,2.0
11848,0.50880377003,0.297430079421,0.193766150549,0.0
15419,0.873864376824,0.122396677105,0.00373894607061,0.0
3058,0.678147132707,0.314945191301,0.00690767599213,0.0
7001,0.316141527266,0.249549328196,0.434309144538,2.0
8160,0.377681579827,0.425215490846,0.197102929327,0.0
14414,0.21741254994,0.187586976691,0.595000473369,2.0
8415,0.719697084153,0.240486977507,0.0398159383401,1.0
12471,0.682603335503,0.299432291995,0.0179643725028,0.0
11077,0.777087179691,0.221818402463,0.00109441784564,0.0
7847,0.682950117251,0.257710615564,0.0593392671851,0.0
6851,0.978062948523,0.0218658408972,7.12105798576e-05,0.0
4852,0.697334408791,0.228504886009,0.0741607052001,0.0
3982,0.722017868492,0.259740239905,0.0182418916029,0.0
8727,0.693301812775,0.21323540352,0.0934627837046,0.0
10683,0.761673268729,0.23309411173,0.00523261954089,0.0
9412,0.757603046686,0.240731307835,0.00166564547843,1.0
6288,0.460404234839,0.487637732478,0.0519580326829,1.0
18012,0.85142800428,0.12923319201,0.0193388037096,0.0
6261,0.95135913498,0.048324692992,0.000316172027798,0.0
8481,0.57376436686,0.369133114789,0.0571025183511,1.0
7926,0.978070970342,0.0215967278604,0.000332301797819,0.0
8789,0.342564207526,0.225475666814,0.43196012566,2.0
2542,0.566931803676,0.394379761926,0.038688434398,1.0
3571,0.44414512893,0.224495951562,0.331358919508,1.0
5602,0.749759068585,0.21811684461,0.0321240868052,0.0
570,0.367893815669,0.586948811757,0.0451573725737,0.0
18452,0.98091200257,0.0188657139164,0.000222283513576,0.0
10478,0.396899969538,0.3613677873,0.241732243162,2.0
9793,0.932297313959,0.0648384360926,0.00286424994846,0.0
7516,0.682882573996,0.300702894522,0.0164145314825,1.0
15506,0.295932643188,0.308404024938,0.395663331875,0.0
4969,0.708761922338,0.250176706676,0.0410613709862,0.0
11738,0.376677020342,0.291865948795,0.331457030864,1.0
9037,0.907184861178,0.0901911507491,0.00262398807278,0.0
2180,0.569423407788,0.37246619581,0.0581103964025,1.0
4831,0.599377780711,0.3091852669,0.0914369523882,0.0
4524,0.591096902227,0.258265525671,0.150637572102,0.0
897,0.958531297308,0.0405243995681,0.000944303123918,0.0
11590,0.71560141417,0.257200513063,0.0271980727662,0.0
16275,0.287885914122,0.181164300412,0.530949785467,2.0
6421,0.375558439316,0.310719612327,0.313721948357,0.0
12977,0.958271622487,0.0411847095506,0.000543667962428,0.0
