id,predict_0,predict_1,predict_2,real
14121,0.990822969345,0.00917703065514,0.0,1.0
9320,0.992973067382,0.00682847276509,0.0001984598533,0.0
14394,0.570492671976,0.429019896008,0.000487432016203,1.0
8218,0.368648708398,0.467677749586,0.163673542016,1.0
14804,0.516907091685,0.455395663155,0.0276972451601,0.0
1080,0.644547419626,0.228256401118,0.127196179256,0.0
9731,0.944583336813,0.0538324131682,0.00158425001843,0.0
15505,0.964818312964,0.035181687036,0.0,0.0
3443,0.446804455259,0.553081008542,0.000114536199095,1.0
13300,0.622994603539,0.2421087388,0.134896657661,1.0
8976,0.364161865479,0.540507364103,0.0953307704181,1.0
7965,0.852401016719,0.147484447082,0.000114536199095,0.0
10342,0.562100069159,0.385284144235,0.052615786606,0.0
6741,0.282614630147,0.674900717566,0.0424846522864,1.0
7187,0.622948075031,0.297845757794,0.0792061671753,0.0
16780,0.594349047192,0.404676472982,0.000974479825778,0.0
14195,0.61828030318,0.381527819917,0.000191876902654,0.0
14025,0.871659916994,0.109058430355,0.0192816526515,0.0
8548,0.554763505752,0.376003136427,0.0692333578212,1.0
9566,0.901387309071,0.0726988007148,0.0259138902144,0.0
15652,0.525215053763,0.148844086022,0.325940860215,0.0
3931,0.491907742409,0.471860735967,0.0362315216241,0.0
4557,0.962573883236,0.0325437580948,0.00488235866931,0.0
3610,0.984749225676,0.0151897987141,6.09756097561e-05,0.0
16574,0.879836402502,0.107472596589,0.0126910009094,0.0
7504,0.22625452225,0.7602056634,0.0135398143496,1.0
9735,0.939286838969,0.0513412634181,0.00937189761306,0.0
14048,0.543542437322,0.424210388884,0.0322471737936,1.0
6769,0.523388361636,0.450517622262,0.0260940161024,0.0
2514,0.896925091114,0.0845872791409,0.0184876297454,0.0
896,0.688338045309,0.270005816511,0.0416561381807,0.0
4757,0.989710144928,0.0102898550725,0.0,0.0
16358,0.737305956848,0.255620155829,0.00707388732269,1.0
11810,0.829765280396,0.169623453001,0.000611266603416,0.0
7274,0.339226310637,0.583869369948,0.076904319415,1.0
2972,0.946225203509,0.0530971424414,0.000677654049439,0.0
7392,0.792729868425,0.207270131575,0.0,0.0
6824,0.970474042581,0.0273794841399,0.00214647327863,0.0
4311,0.457222728221,0.150569113878,0.392208157901,2.0
12261,0.516856909116,0.386147731168,0.0969953597163,2.0
14752,0.720463176994,0.229368731026,0.0501680919798,0.0
14992,0.218197704811,0.77572978008,0.00607251510925,2.0
967,0.539865403751,0.194885302479,0.26524929377,2.0
8059,0.858501882077,0.137195368568,0.00430274935482,0.0
13406,0.661456833362,0.314686166766,0.0238569998725,0.0
11424,0.986200202224,0.0137997977755,0.0,0.0
3945,0.0899073932792,0.178387799194,0.731704807526,2.0
10351,0.448426435877,0.253937581956,0.297635982166,2.0
2272,0.884836574329,0.115163425671,0.0,0.0
10752,0.765080041924,0.234828046312,9.19117647059e-05,1.0
17096,0.0914634146341,0.0721951219512,0.836341463415,2.0
17314,0.235261352092,0.131068446362,0.633670201546,2.0
12770,0.323542831087,0.510391539866,0.166065629047,1.0
3304,0.515733578145,0.0880086958113,0.396257726044,1.0
9012,0.829313907236,0.160773219032,0.00991287373156,0.0
9928,0.3131341414,0.030389960843,0.656475897757,2.0
297,0.561973238229,0.287247043532,0.150779718238,2.0
5751,0.866763477474,0.132790184252,0.000446338273758,0.0
17692,0.317443389823,0.67994249978,0.00261411039639,1.0
3688,0.951505608123,0.0484114864425,8.29054343175e-05,0.0
3425,0.233059060738,0.636310204905,0.130630734357,1.0
7871,0.328245230375,0.450682383444,0.221072386181,1.0
10013,0.717446497587,0.278422988886,0.00413051352623,0.0
13832,0.0635859299009,0.924423470164,0.0119905999352,1.0
11743,0.379111002573,0.262392988288,0.358496009139,1.0
10099,0.52641760082,0.379646841183,0.0939355579968,1.0
16682,0.0476285941662,0.943364671876,0.00900673395808,1.0
10156,0.85571250171,0.14428749829,0.0,1.0
16154,0.661613689832,0.337178909048,0.00120740112012,0.0
14176,0.446688649596,0.549980498253,0.00333085215128,1.0
14964,0.190717497194,0.288489263364,0.520793239442,2.0
12896,0.0648957921119,0.433839983312,0.501264224576,2.0
7288,0.264050619942,0.0461430790772,0.68980630098,2.0
15882,0.733267707772,0.205750787858,0.0609815043697,0.0
12441,0.403311594203,0.268543478261,0.328144927536,1.0
17248,0.53327960757,0.463987489852,0.00273290257829,0.0
16745,0.888319867535,0.104128290169,0.0075518422964,0.0
5315,0.515128446355,0.339320606801,0.145550946844,0.0
17118,0.307805110096,0.673171025923,0.0190238639813,1.0
7725,0.942370953874,0.0521422540366,0.00548679208898,0.0
2311,0.712663374271,0.283767753365,0.00356887236422,0.0
4292,0.880284524094,0.103353694314,0.0163617815916,0.0
15773,0.972939316914,0.0267832637309,0.000277419354839,0.0
6531,0.979710144928,0.0202898550725,0.0,0.0
16009,0.759856363707,0.233313255894,0.00683038039908,0.0
11930,0.973185757104,0.0268142428963,0.0,0.0
8541,0.975153009171,0.0245695714741,0.000277419354839,0.0
11019,0.603948411983,0.364297716164,0.0317538718529,0.0
8274,0.947671423937,0.0523285760631,0.0,0.0
722,0.574890379,0.399069172433,0.0260404485672,0.0
12305,0.518232302814,0.481417251471,0.000350445714833,1.0
11444,0.738890854606,0.215113857115,0.0459952882792,1.0
4006,0.482858067039,0.394868731649,0.122273201312,1.0
9231,0.354313183878,0.614366020568,0.0313207955535,1.0
6821,0.960693959668,0.0293060403323,0.01,0.0
12888,0.474876780742,0.52451793105,0.000605288207298,0.0
6779,0.534652468545,0.465324907021,2.26244343891e-05,0.0
11232,0.630282728281,0.368944468277,0.000772803441919,0.0
11685,0.0978450412038,0.522549387857,0.37960557094,2.0
1318,0.423692740245,0.555948114622,0.0203591451337,1.0
909,0.6948474731,0.291361581706,0.0137909451937,1.0
18511,0.469296438098,0.523745810374,0.00695775152832,1.0
16460,0.996666048199,0.00333395180077,0.0,0.0
12008,0.987939779481,0.0117828011644,0.000277419354839,0.0
6811,0.999079514297,0.000920485703094,0.0,0.0
16071,0.700020399899,0.206704102815,0.0932754972859,0.0
4486,0.607263679402,0.335923684703,0.0568126358956,0.0
183,0.474312873889,0.507674491152,0.0180126349599,1.0
5729,0.986778987172,0.013025628616,0.000195384211907,0.0
15368,0.542419255459,0.38761949119,0.0699612533515,0.0
5064,0.619116995057,0.237498072204,0.143384932739,0.0
11530,0.946509724717,0.0533213563642,0.000168918918919,0.0
14860,0.538670793464,0.434983288367,0.0263459181688,0.0
13166,0.948361401198,0.0439296639894,0.00770893481255,0.0
14528,0.851583861334,0.148416138666,0.0,0.0
4202,0.4843576773,0.440052509208,0.0755898134924,1.0
3916,0.145101013136,0.653703320839,0.201195666025,1.0
11454,0.807142895114,0.186862922745,0.00599418214036,1.0
12297,0.806202973612,0.0966296080357,0.0971674183519,0.0
553,0.218542205664,0.0576352431907,0.723822551146,0.0
10390,0.349867154179,0.363609784695,0.286523061126,1.0
5056,0.87900316724,0.120766604682,0.000230228078021,0.0
10503,0.677277004554,0.322011763705,0.000711231741364,0.0
1835,0.411111805928,0.494323503686,0.0945646903863,1.0
10085,0.999710144928,0.000289855072464,0.0,0.0
13807,0.545209061078,0.289890970679,0.164899968244,0.0
11318,0.968521764646,0.0314782353542,0.0,0.0
533,0.984749225676,0.0151897987141,6.09756097561e-05,0.0
10538,0.721183600651,0.219637644894,0.0591787544558,1.0
11549,0.880527087342,0.108044138425,0.0114287742325,0.0
16900,0.962350552996,0.0326758822803,0.00497356472327,0.0
599,0.862494196484,0.125975818569,0.0115299849472,0.0
11700,0.326565550648,0.5924680156,0.0809664337519,0.0
18331,0.875832144627,0.110516706046,0.0136511493269,0.0
5381,0.278208260761,0.105184869959,0.616606869279,2.0
13638,0.744746629508,0.132963336054,0.122290034438,0.0
2703,0.938857978318,0.0448640906032,0.0162779310793,0.0
13686,0.202598545822,0.197891763784,0.599509690394,0.0
6240,0.096574754902,0.0784742647059,0.824950980392,2.0
8546,0.0926742626267,0.0481737629601,0.859151974413,0.0
4578,0.478531241647,0.516023402859,0.00544535549427,0.0
15870,0.192308023267,0.308588706344,0.499103270388,0.0
17084,0.972761968857,0.0266679039748,0.000570127167719,0.0
4114,0.511674375496,0.396420907692,0.0919047168122,0.0
8011,0.807393157762,0.0646588942052,0.127947948033,0.0
6588,0.975605262863,0.0243947371371,0.0,0.0
12490,0.739817376108,0.179565728273,0.0806168956186,2.0
3975,0.989710144928,0.0102898550725,0.0,0.0
4720,0.859375416051,0.139900109474,0.000724474474474,0.0
15209,0.810183593762,0.168803482972,0.0210129232666,0.0
6092,0.787224678844,0.192099079538,0.0206762416181,1.0
9426,0.488369381751,0.112500762109,0.39912985614,0.0
2307,0.994045088178,0.00595491182178,0.0,0.0
13291,0.4769464696,0.513492173194,0.00956135720616,0.0
17245,0.553925412108,0.432475130839,0.0135994570533,1.0
11726,0.987131351825,0.0100004628613,0.00286818531417,0.0
15486,0.501324321654,0.390523099622,0.108152578724,0.0
9033,0.62227834806,0.335802589272,0.0419190626684,2.0
9959,0.215259116341,0.580497215588,0.204243668072,0.0
3798,0.999710144928,0.000289855072464,0.0,0.0
15624,0.286839035472,0.517431845379,0.195729119149,1.0
5995,0.793904247531,0.2059265,0.000169252468265,0.0
9644,0.557636157785,0.416958624241,0.0254052179747,0.0
10779,0.98178559942,0.0182144005801,0.0,0.0
9734,0.656903537959,0.343073837607,2.26244343891e-05,1.0
14954,0.558433144403,0.28477780469,0.156789050907,1.0
15493,0.86444637498,0.126554691457,0.0089989335629,0.0
6222,0.247880735682,0.732157135885,0.0199621284329,1.0
17390,0.584369104308,0.413958006446,0.00167288924639,1.0
6826,0.279683465674,0.700648523541,0.0196680107859,1.0
8611,0.294802179149,0.390384567751,0.3148132531,2.0
9087,0.907778605045,0.0784851154348,0.0137362795198,0.0
17472,0.363074611372,0.597234948797,0.0396904398312,1.0
12760,0.805323859383,0.194064874014,0.000611266603416,0.0
4963,0.279176917843,0.202691085113,0.518131997044,2.0
6225,0.147,0.45,0.403,1.0
7959,0.814206528061,0.171457598439,0.0143358734992,0.0
1773,0.571564257384,0.398784157229,0.0296515853868,1.0
6136,0.972334565637,0.0276654343635,0.0,1.0
5965,0.273202350601,0.708273577281,0.0185240721182,1.0
5390,0.711637680286,0.288193400796,0.000168918918919,0.0
13663,0.498895560929,0.191608043306,0.309496395765,2.0
4501,0.831556788244,0.158507322566,0.00993588919023,0.0
13442,0.179017716899,0.679664259228,0.141318023873,1.0
6958,0.900382912251,0.0845017801425,0.0151153076064,0.0
16339,0.37263669568,0.556775549357,0.0705877549632,0.0
9372,0.56045371097,0.164245885282,0.275300403748,0.0
5576,0.395790257416,0.593441698074,0.0107680445106,1.0
663,0.130046857291,0.158796956353,0.711156186355,0.0
1473,0.429345167911,0.527890737713,0.0427640943757,1.0
949,0.402729978475,0.537163954119,0.0601060674059,0.0
10513,0.279184128988,0.568824445557,0.151991425455,0.0
14289,0.561550779072,0.391939480277,0.0465097406514,1.0
15260,0.932864054742,0.0665182472404,0.000617698017921,0.0
9812,0.69164024908,0.242808641315,0.0655511096052,0.0
4916,0.156096009508,0.237709363824,0.606194626667,2.0
17515,0.662404506216,0.256864380492,0.0807311132919,2.0
17388,0.935962510437,0.0632983545042,0.00073913505849,0.0
4450,0.968702740067,0.0267067571264,0.0045905028069,0.0
16258,0.943457345295,0.0412533052261,0.0152893494789,0.0
10528,0.412559804807,0.583877758724,0.0035624364689,0.0
4003,0.834809976224,0.165021104858,0.000168918918919,1.0
3954,0.578230999426,0.418931744654,0.00283725592003,1.0
13945,0.545097526026,0.450203345329,0.00469912864455,1.0
15607,0.675840272348,0.313075718025,0.0110840096271,0.0
11897,0.301553620218,0.349131811696,0.349314568086,0.0
12609,0.952671630298,0.0299818754533,0.0173464942482,0.0
10122,0.999710144928,0.000289855072464,0.0,0.0
7886,0.986252217293,0.0136648772725,8.29054343175e-05,0.0
15771,0.977880713269,0.0163451726309,0.0057741141,0.0
17681,0.384602315127,0.563505703643,0.0518919812299,0.0
15863,0.402582627342,0.470188563877,0.12722880878,2.0
17690,0.185880842056,0.294482432756,0.519636725188,1.0
8606,0.999710144928,0.000289855072464,0.0,0.0
11362,0.614864962656,0.384833109856,0.000301927487715,0.0
4604,0.588384640339,0.289159052726,0.122456306935,0.0
5480,0.987945364681,0.0120546353194,0.0,0.0
12277,0.4225,0.08315,0.49435,2.0
1400,0.903694231363,0.0951950374143,0.00111073122268,0.0
6687,0.990134748353,0.00938937243933,0.000475879208138,0.0
11153,0.904253623816,0.0807658943356,0.0149804818484,0.0
8313,0.0577362372391,0.0711574412842,0.871106321477,2.0
5787,0.868730353904,0.131247021662,2.26244343891e-05,0.0
741,0.577947183388,0.388195011614,0.0338578049978,0.0
16502,0.979138564515,0.0173974585938,0.0034639768908,0.0
4036,0.387239759562,0.369784109612,0.242976130826,0.0
5029,0.829313907236,0.160773219032,0.00991287373156,0.0
18158,0.194641250714,0.25700950607,0.548349243216,1.0
18441,0.98822767093,0.0117723290696,0.0,0.0
4268,0.968553799428,0.0311940426697,0.000252157902583,0.0
4092,0.367194786618,0.276444256237,0.356360957145,0.0
16819,0.983971961422,0.0159451331438,8.29054343175e-05,0.0
7774,0.184574252351,0.236826427906,0.578599319743,2.0
5824,0.661552107574,0.210990297013,0.127457595413,0.0
7295,0.379482678651,0.394233155282,0.226284166067,1.0
18146,0.745664926349,0.182470190356,0.0718648832949,0.0
17409,0.339255319149,0.178829787234,0.481914893617,2.0
6095,0.859816086369,0.137994509167,0.00218940446436,0.0
9032,0.888752404148,0.0936487433664,0.0175988524859,0.0
5210,0.992274613351,0.0077253866491,0.0,0.0
11177,0.904561227528,0.0952698535527,0.000168918918919,0.0
12324,0.343902024692,0.647559543533,0.00853843177517,1.0
1697,0.758073160465,0.230819795139,0.0111070443968,0.0
3106,0.645573691589,0.311771926567,0.0426543818436,1.0
7824,0.880785600873,0.117781727993,0.00143267113409,0.0
2588,0.176257698025,0.438056626083,0.385685675892,0.0
13644,0.973082559009,0.0268564653807,6.09756097561e-05,0.0
13082,0.989079514297,0.0109204857031,0.0,0.0
8150,0.870909307721,0.128813272924,0.000277419354839,0.0
6234,0.185395763539,0.08693499068,0.727669245781,0.0
10350,0.833372333761,0.166627666239,0.0,0.0
13538,0.942370953874,0.0521422540366,0.00548679208898,0.0
2338,0.921343720129,0.0782097405007,0.000446539370613,0.0
17947,0.86,0.14,0.0,0.0
9786,0.524342525541,0.464774665602,0.0108828088564,0.0
9514,0.819313933832,0.145421157397,0.0352649087711,0.0
13670,0.92357244893,0.0661714072819,0.0102561437879,0.0
15482,0.487103096957,0.484167541567,0.0287293614754,0.0
12517,0.592434495064,0.374125534596,0.0334399703407,1.0
411,0.480386302764,0.144743144093,0.374870553143,1.0
10237,0.478958151832,0.283005228346,0.238036619822,0.0
12734,0.554294031419,0.245870799966,0.199835168615,0.0
10863,0.836784249139,0.162384704038,0.000831046823196,0.0
11390,0.768540412427,0.21523127454,0.0162283130335,0.0
5260,0.647735373907,0.30621128819,0.046053337903,0.0
8244,0.374167613251,0.625531963386,0.000300423362613,1.0
4161,0.35603086922,0.629603231646,0.0143658991341,1.0
16354,0.619922761187,0.324156539152,0.055920699661,0.0
15236,0.995361830928,0.00463816907224,0.0,0.0
14877,0.379565561774,0.477968817923,0.142465620303,0.0
4810,0.984191471279,0.0158085287215,0.0,0.0
4637,0.87095286247,0.124744388176,0.00430274935482,0.0
14124,0.551101694039,0.243666943204,0.205231362757,1.0
4737,0.916016249044,0.0839837509558,0.0,0.0
5377,0.456328351447,0.523857706895,0.0198139416577,1.0
14696,0.29794344975,0.14291285866,0.55914369159,0.0
2880,0.50766138923,0.405702432449,0.0866361783204,1.0
17021,0.968682131083,0.031234963483,8.29054343175e-05,0.0
11043,0.999710144928,0.000289855072464,0.0,0.0
6,0.574859360052,0.424166160122,0.000974479825778,1.0
2380,0.634112351857,0.259176168969,0.106711479174,1.0
6563,0.686917993809,0.299090890134,0.0139911160569,0.0
2273,0.704493208562,0.262619867233,0.0328869242054,0.0
1743,0.447350376124,0.539854224627,0.0127953992488,1.0
12919,0.224567796657,0.176206322867,0.599225880476,2.0
7922,0.577811807742,0.409169172371,0.0130190198871,0.0
8201,0.916133521335,0.0822602367929,0.00160624187206,0.0
13659,0.855665283987,0.144334716013,0.0,0.0
2861,0.6282824324,0.240346490579,0.131371077021,0.0
17883,0.144010938882,0.459156863284,0.396832197834,2.0
17057,0.993719375731,0.00628062426932,0.0,0.0
12316,0.609744809686,0.38997777096,0.000277419354839,0.0
12541,0.664220830297,0.306392902852,0.0293862668514,0.0
363,0.909399029633,0.0689728852261,0.0216280851412,0.0
4166,0.598124606864,0.317281654876,0.0845937382593,1.0
8354,0.241872978997,0.378094768592,0.380032252411,0.0
9160,0.195980981191,0.739512919233,0.0645060995753,1.0
1476,0.989632132585,0.0102849619812,8.29054343175e-05,0.0
8193,0.923432287982,0.0712963886809,0.0052713233367,1.0
12708,0.524875857189,0.43166711968,0.0434570231301,1.0
13410,0.483126353661,0.51528841222,0.00158523411884,0.0
12066,0.959717053777,0.0402219706129,6.09756097561e-05,0.0
8570,0.628679793835,0.342929145727,0.0283910604373,0.0
4204,0.722103150049,0.239590728936,0.0383061210147,0.0
18290,0.986890440897,0.0128321397477,0.000277419354839,0.0
11441,0.355661871401,0.254090912386,0.390247216214,2.0
17975,0.596175464992,0.325609552086,0.0782149829225,1.0
11262,0.259741441465,0.395347316754,0.344911241781,0.0
3768,0.872816412433,0.0811166027725,0.0460669847946,0.0
11418,0.983185386878,0.0165371937677,0.000277419354839,0.0
13813,0.237810925691,0.644925657385,0.117263416924,1.0
1665,0.217037699741,0.624826306405,0.158135993854,1.0
4170,0.882494196484,0.105975818569,0.0115299849472,0.0
12798,0.975695714714,0.0199968748529,0.00430741043305,0.0
681,0.850543902423,0.132929749425,0.0165263481524,0.0
319,0.841462767161,0.133646014304,0.0248912185349,0.0
17956,0.960746180964,0.0392538190364,0.0,0.0
429,0.986822913577,0.00995734604283,0.00321974037992,0.0
6663,0.436153800455,0.52171235727,0.0421338422748,1.0
10586,0.572415487759,0.424893342665,0.00269116957549,1.0
8583,0.695694713432,0.267545934361,0.036759352208,0.0
8030,0.852958885263,0.146872195818,0.000168918918919,0.0
5099,0.937397532062,0.0623725734091,0.000229894528675,0.0
446,0.544331154266,0.451549582307,0.00411926342617,1.0
5725,0.124585910771,0.653880233989,0.22153385524,1.0
15436,0.500726728209,0.263077627839,0.236195643953,0.0
6758,0.981392113602,0.0185469107887,6.09756097561e-05,0.0
6449,0.987851811594,0.0121481884058,0.0,0.0
4552,0.130363345931,0.318516618161,0.551120035908,1.0
17865,0.3534089033,0.15698316045,0.48960793625,0.0
1645,0.109554999012,0.83051471717,0.0599302838177,1.0
1308,0.659432037865,0.339700862657,0.000867099478081,0.0
8781,0.944322813522,0.0556771864783,0.0,1.0
831,0.962995915284,0.0369431091064,6.09756097561e-05,0.0
15145,0.651991193422,0.204909345843,0.143099460735,0.0
17654,0.840929622377,0.151369221586,0.00770115603792,0.0
603,0.987571428571,0.0124285714286,0.0,0.0
5962,0.547198742461,0.452778633104,2.26244343891e-05,0.0
11520,0.551101694039,0.243666943204,0.205231362757,0.0
10341,0.679334712839,0.319113519635,0.00155176752605,0.0
5070,0.282152011648,0.0552977481398,0.662550240212,0.0
1197,0.985089079203,0.0142095009203,0.000701419877188,0.0
6187,0.515065893784,0.332515077575,0.152419028642,1.0
733,0.554979120791,0.321312624857,0.123708254352,0.0
2242,0.979369369369,0.0206306306306,0.0,0.0
479,0.584307094827,0.373358677749,0.0423342274241,0.0
12362,0.876817575757,0.123121448633,6.09756097561e-05,0.0
14596,0.699513350473,0.300259168439,0.000227481088219,0.0
6801,0.219686686954,0.341612682148,0.438700630899,1.0
4896,0.468000757744,0.494372831633,0.0376264106228,1.0
3287,0.255897192635,0.627079382353,0.117023425012,1.0
8377,0.780186127356,0.219721960879,9.19117647059e-05,1.0
14233,0.724098852439,0.234069151645,0.0418319959163,0.0
5065,0.742019218941,0.223446211488,0.0345345695705,0.0
6233,0.959636352919,0.0402625108285,0.000101136252326,0.0
4160,0.677690455324,0.316409971493,0.00589957318331,0.0
16840,0.981608521173,0.0181140594723,0.000277419354839,0.0
18192,0.861395344118,0.133117863793,0.00548679208898,0.0
7711,0.453323805187,0.53954575017,0.00713044464346,0.0
7254,0.197896403775,0.643198777925,0.1589048183,1.0
3214,0.756685154049,0.168386365413,0.0749284805382,0.0
14597,0.855346633944,0.138002493102,0.00665087295405,1.0
15086,0.0800125114644,0.233694279793,0.686293208743,2.0
8686,0.675835210185,0.323325778147,0.000839011667681,0.0
16989,0.303833396753,0.190291447269,0.505875155978,2.0
420,0.219867608487,0.673967391731,0.106164999782,0.0
16891,0.999710144928,0.000289855072464,0.0,0.0
8046,0.589902598049,0.35411639352,0.0559810084312,1.0
7484,0.922476025998,0.0752550501231,0.00226892387919,0.0
14880,0.788553167877,0.178972987009,0.0324738451137,0.0
16049,0.564209038631,0.23941486304,0.196376098329,0.0
227,0.365260862785,0.0796408051339,0.555098332081,0.0
1387,0.449230391804,0.550332578105,0.000437030090598,0.0
12011,0.983935295959,0.0157872846858,0.000277419354839,0.0
6123,0.617215285434,0.327466411068,0.0553183034974,0.0
8935,0.476333108709,0.487713147444,0.0359537438463,0.0
2865,0.954761163859,0.0385879631874,0.00665087295405,0.0
17241,0.927199035186,0.0614581380655,0.0113428267487,0.0
5237,0.842294480099,0.151622996717,0.00608252318383,0.0
3185,0.776408207531,0.223399915567,0.000191876902654,1.0
4691,0.723663548841,0.19609442606,0.0802420250988,0.0
8423,0.822890062602,0.17684537748,0.00026455991826,0.0
17894,0.900382912251,0.0845017801425,0.0151153076064,0.0
14642,0.968171683389,0.0318283166109,0.0,0.0
5292,0.987945364681,0.0120546353194,0.0,0.0
3670,0.299430426671,0.676557568333,0.0240120049965,1.0
7301,0.95962117576,0.0277691400056,0.012609684234,1.0
2105,0.777307757763,0.221734568201,0.000957674035464,0.0
1954,0.910990232226,0.088082042442,0.000927725331921,0.0
7699,0.772687709347,0.185476591855,0.0418356987973,0.0
15680,0.331549670131,0.583351107411,0.0850992224575,1.0
16960,0.959710144928,0.0402898550725,0.0,0.0
2476,0.967203744575,0.0327962554247,0.0,0.0
4646,0.999079514297,0.000920485703094,0.0,0.0
4826,0.978340317341,0.0216596826587,0.0,0.0
14595,0.376565782927,0.470031701262,0.153402515811,1.0
12970,0.538231931257,0.447934564592,0.0138335041517,1.0
9353,0.744300528253,0.255530219279,0.000169252468265,0.0
17222,0.95968884864,0.0400337320052,0.000277419354839,0.0
10057,0.986458967299,0.0135410327015,0.0,0.0
12864,0.208757756688,0.252940114417,0.538302128894,2.0
16999,0.844937075432,0.129468577344,0.0255943472242,0.0
2692,0.466072375156,0.533627201481,0.000300423362613,0.0
14976,0.987131351825,0.0100004628613,0.00286818531417,0.0
6847,0.937788093384,0.0622119066158,0.0,1.0
15784,0.958026416098,0.0380229726571,0.00395061124491,0.0
8439,0.515564114459,0.480802156581,0.00363372895969,1.0
7067,0.228841005837,0.11926921776,0.651889776403,0.0
18113,0.468791686004,0.530816358442,0.000391955553934,1.0
17415,0.842523147774,0.147778947214,0.00969790501208,0.0
12978,0.976805586551,0.0179197014922,0.00527471195712,0.0
5459,0.385535374955,0.609978953802,0.0044856712434,0.0
10742,0.343197267176,0.593251220861,0.063551511963,1.0
497,0.795182418618,0.204817581382,0.0,0.0
6646,0.917726981457,0.0637628374251,0.0185101811181,0.0
12958,0.199871064532,0.232360138716,0.567768796752,0.0
5394,0.632184859989,0.360361505853,0.00745363415813,0.0
12610,0.400147360865,0.582980982936,0.0168716561995,1.0
5926,0.545684275907,0.44948953227,0.00482619182329,0.0
9713,0.995960144928,0.00403985507246,0.0,0.0
7364,0.629997261927,0.36351759986,0.00648513821271,0.0
5311,0.910119462241,0.0851234860322,0.00475705172706,0.0
13337,0.71051608203,0.289037246147,0.000446671823104,0.0
11149,0.956955903272,0.0430440967283,0.0,0.0
6938,0.555464037102,0.42166269781,0.0228732650882,1.0
14109,0.712492990659,0.172578584691,0.11492842465,0.0
16926,0.620515345086,0.379392743149,9.19117647059e-05,0.0
5219,0.98972767093,0.0102723290696,0.0,0.0
14939,0.212594842107,0.699858141222,0.0875470166706,1.0
6492,0.896905775253,0.0983360907688,0.00475813397814,0.0
4107,0.952273112584,0.0358585218096,0.0118683656062,0.0
506,0.376619761769,0.318963401079,0.304416837152,0.0
2435,0.572962007281,0.373910479225,0.0531275134939,1.0
12376,0.568206496402,0.261940084832,0.169853418766,1.0
135,0.974509898157,0.021191958583,0.00429814326007,0.0
9605,0.9821318647,0.0178681353001,0.0,0.0
13872,0.74466311996,0.240036559677,0.0153003203632,0.0
15057,0.486333494511,0.131143879735,0.382522625754,0.0
11020,0.431914631925,0.563585550607,0.00449981746838,1.0
3536,0.928535463672,0.0676042840984,0.00386025222942,0.0
14249,0.401463414634,0.0221951219512,0.576341463415,2.0
3979,0.605521110272,0.393872954483,0.00060593524511,0.0
8293,0.920011951456,0.0799270729341,6.09756097561e-05,0.0
2987,0.999079514297,0.000920485703094,0.0,0.0
2361,0.219815075799,0.107534046856,0.672650877345,2.0
11595,0.402311097036,0.334208851092,0.263480051872,2.0
15473,0.540967741935,0.115313978495,0.34371827957,0.0
8927,0.995705606871,0.00429439312947,0.0,0.0
7128,0.308442041115,0.0617205903918,0.629837368493,1.0
5580,0.883653520171,0.0734342951487,0.0429121846804,0.0
2302,0.698737916882,0.180663426856,0.120598656262,0.0
3332,0.990157918244,0.00956466240089,0.000277419354839,0.0
15011,0.278041993006,0.708555878084,0.0134021289101,1.0
3262,0.351819083291,0.497244382295,0.150936534414,0.0
8459,0.0917337898746,0.0238317603652,0.88443444976,0.0
3303,0.426682143991,0.555409815223,0.0179080407854,0.0
7207,0.997454928946,0.00254507105395,0.0,0.0
2560,0.999710144928,0.000289855072464,0.0,0.0
5935,0.983935295959,0.0157872846858,0.000277419354839,0.0
17817,0.658063632916,0.330641127284,0.0112952397999,0.0
6081,0.594233287193,0.358524124392,0.0472425884155,0.0
1244,0.450822684393,0.549154691172,2.26244343891e-05,1.0
784,0.957994248389,0.0420057516112,0.0,0.0
5703,0.243360385824,0.260607221092,0.496032393084,2.0
4848,0.437458642861,0.39990691946,0.162634437678,0.0
5634,0.150842354164,0.75247553367,0.0966821121663,1.0
16696,0.940535463672,0.0456042840984,0.0138602522294,0.0
12619,0.958671059767,0.0407588130658,0.000570127167719,0.0
15671,0.375317054869,0.624382901342,0.000300043789228,1.0
12676,0.821570973215,0.178128982996,0.000300043789228,0.0
18093,0.57151562679,0.395275480843,0.0332088923671,1.0
11855,0.436741136746,0.528647498712,0.0346113645424,1.0
1456,0.773197095557,0.194999432956,0.0318034714879,0.0
17460,0.118561868209,0.40650981364,0.474928318151,1.0
12099,0.729559044948,0.233278697302,0.0371622577507,0.0
274,0.9921318647,0.00786813530009,0.0,0.0
105,0.468444589173,0.531058211252,0.000497199574619,1.0
13301,0.58618566862,0.355110384244,0.0587039471356,0.0
12782,0.675699594611,0.312781077351,0.0115193280382,2.0
8928,0.56491639676,0.434449417364,0.000634185875989,0.0
11604,0.804851825342,0.185383797009,0.00976437764933,0.0
16445,0.843389323655,0.126641175414,0.0299695009316,0.0
16694,0.312021448179,0.646569328286,0.0414092235347,1.0
646,0.976812995812,0.0231870041878,0.0,0.0
11171,0.571624711986,0.263901874409,0.164473413605,0.0
18228,0.261255022276,0.231573014652,0.507171963072,2.0
1104,0.478217150365,0.34570337878,0.176079470856,1.0
16966,0.256923434058,0.739744904377,0.00333166156421,0.0
16874,0.799278311635,0.146882184218,0.0538395041471,0.0
18127,0.49114445385,0.486993313759,0.0218622323913,1.0
1205,0.999710144928,0.000289855072464,0.0,0.0
3172,0.989369369369,0.0106306306306,0.0,0.0
18535,0.787709775905,0.212290224095,0.0,0.0
8729,0.346546150173,0.348441045461,0.305012804366,1.0
3384,0.792414536386,0.144664064861,0.0629213987526,0.0
7640,0.540057174695,0.360518023776,0.0994248015282,0.0
7007,0.908028067865,0.0842629973227,0.00770893481255,0.0
11469,0.839183300093,0.160238922129,0.000577777777778,0.0
16837,0.599276486505,0.359323228222,0.0414002852734,1.0
17237,0.841613257091,0.12904050974,0.0293462331694,0.0
19,0.444226251815,0.501537122715,0.0542366254699,1.0
14290,0.911185156359,0.0873821725064,0.00143267113409,0.0
6761,0.641099613214,0.355685565677,0.00321482110904,0.0
15850,0.871024344779,0.128698235867,0.000277419354839,0.0
16249,0.962720848451,0.0372791515494,0.0,0.0
11170,0.968345284789,0.0315937396008,6.09756097561e-05,0.0
9380,0.425883644781,0.537581571688,0.0365347835319,1.0
1790,0.211334079777,0.787691440398,0.000974479825778,0.0
14735,0.324996355911,0.0756537626199,0.599349881469,2.0
14241,0.446327194732,0.515664528629,0.0380082766391,1.0
5689,0.992715393514,0.00708614663287,0.0001984598533,0.0
14799,0.729085310702,0.233067729371,0.0378469599273,1.0
15037,0.842523147774,0.147778947214,0.00969790501208,0.0
17745,0.918522418005,0.0722577839422,0.00921979805279,1.0
874,0.087395128638,0.0304470126649,0.882157858697,2.0
11724,0.861685253426,0.125152500499,0.013162246075,0.0
12109,0.661635073812,0.314659236406,0.0237056897824,0.0
2589,0.531054642301,0.323234989159,0.14571036854,1.0
1619,0.410156989265,0.5649212645,0.0249217462357,0.0
9224,0.682780126338,0.275335504857,0.0418843688049,0.0
6197,0.743843205331,0.224052569051,0.0321042256182,0.0
6643,0.425732894047,0.513834757523,0.0604323484304,1.0
14544,0.753506165203,0.240411311613,0.00608252318383,1.0
14337,0.821612043882,0.168475082386,0.00991287373156,0.0
16159,0.986666148779,0.0133338512208,0.0,0.0
12623,0.964979439357,0.034402862625,0.000617698017921,0.0
11193,0.448547611162,0.447451394922,0.104000993916,1.0
10700,0.830619590093,0.168988454353,0.000391955553934,0.0
1264,0.662084898565,0.205172475905,0.132742625531,0.0
18386,0.983808480865,0.0161305435255,6.09756097561e-05,0.0
5364,0.989710144928,0.0102898550725,0.0,0.0
16123,0.341236043938,0.645999376914,0.012764579148,0.0
6111,0.0881825497582,0.778206630642,0.1336108196,1.0
7607,0.0967007371404,0.3471082682,0.55619099466,2.0
14830,0.315812912115,0.670893807498,0.0132932803867,1.0
12961,0.779561494254,0.148359944031,0.0720785617151,2.0
16230,0.568643919035,0.118549737941,0.312806343023,0.0
8174,0.421325878206,0.541002876725,0.0376712450692,1.0
15369,0.349932144915,0.604869872613,0.0451979824716,0.0
4558,0.975335144928,0.0246648550725,0.0,0.0
12259,0.919310437565,0.0784701379836,0.00221942445144,0.0
14532,0.626587884944,0.309960273084,0.0634518419718,0.0
6004,0.988813813814,0.0111861861862,0.0,0.0
12646,0.884215221266,0.114977561942,0.000807216791259,0.0
8685,0.926498629272,0.0733324518096,0.000168918918919,0.0
11183,0.526014655534,0.406818949053,0.0671663954125,0.0
8953,0.44977608086,0.549923875351,0.000300043789228,1.0
17491,0.792210293469,0.196022484384,0.0117672221466,0.0
13130,0.99,0.01,0.0,0.0
14740,0.933361971531,0.0391020071512,0.0275360213178,0.0
532,0.794909380996,0.198713935274,0.0063766837303,0.0
13907,0.79544140685,0.194745511045,0.0098130821045,1.0
18363,0.308643676233,0.573637822597,0.11771850117,1.0
10422,0.962805805329,0.0316943909472,0.00549980372426,0.0
6041,0.372474462357,0.0255809864396,0.601944551203,0.0
8590,0.311208333333,0.196458333333,0.492333333333,2.0
17319,0.993036414885,0.00696358511466,0.0,0.0
14844,0.579771352081,0.366815005428,0.0534136424907,1.0
6719,0.174891487841,0.262812802444,0.562295709716,2.0
417,0.324201492373,0.668166684712,0.00763182291489,1.0
16552,0.392197745029,0.528869664601,0.07893259037,1.0
2145,0.990565264208,0.00922565623081,0.000209079561489,0.0
13169,0.647634157026,0.346846016627,0.00551982634787,0.0
15657,0.786985612851,0.21296983289,4.45542589505e-05,0.0
17361,0.982206507552,0.0175160730929,0.000277419354839,0.0
17844,0.999710144928,0.000289855072464,0.0,0.0
16368,0.999085144928,0.000914855072464,0.0,0.0
4652,0.960036467311,0.0279454034948,0.0120181291945,0.0
4238,0.0696075189361,0.892908395274,0.0374840857902,0.0
7490,0.17042560196,0.236695139501,0.592879258539,2.0
8847,0.979403434908,0.0161901559683,0.00440640912327,0.0
11995,0.303969248597,0.361306494238,0.334724257165,0.0
7139,0.860140970007,0.13950255831,0.000356471682966,0.0
6002,0.995361830928,0.00463816907224,0.0,0.0
14402,0.64367312261,0.242047895585,0.114278981805,0.0
14409,0.987049968262,0.0101076498484,0.00284238188935,0.0
1098,0.962174957751,0.0334479593466,0.00437708290285,0.0
12774,0.672654330922,0.32639679759,0.000948871487794,1.0
5249,0.122395730179,0.0708919424132,0.806712327407,2.0
1382,0.105047353037,0.511391415471,0.383561231492,2.0
15226,0.604272733805,0.390207439848,0.00551982634787,1.0
94,0.420617139129,0.532429753903,0.0469531069684,2.0
9591,0.9620043931,0.0374254797324,0.000570127167719,0.0
11886,0.602764485131,0.361025588634,0.0362099262343,0.0
1621,0.381895830432,0.589025883708,0.0290782858602,1.0
810,0.346795167593,0.652188009224,0.00101682318234,0.0
8536,0.331457664532,0.668105305378,0.000437030090598,1.0
3169,0.740771981383,0.259228018617,0.0,1.0
6788,0.328416818102,0.106364964894,0.565218217003,2.0
3111,0.561054642301,0.305377846302,0.133567511397,0.0
4080,0.674514000948,0.318032364894,0.00745363415813,1.0
18193,0.55588544476,0.444091930806,2.26244343891e-05,1.0
16218,0.130155202822,0.575375661376,0.294469135802,1.0
4246,0.982970300292,0.0169467942733,8.29054343175e-05,0.0
14125,0.523896982386,0.374411699492,0.101691318121,0.0
821,0.214291575885,0.497614053452,0.288094370663,1.0
13006,0.987275810745,0.0126412838203,8.29054343175e-05,0.0
18173,0.797483404289,0.192752218061,0.00976437764933,0.0
11276,0.247743027906,0.454096343079,0.298160629015,0.0
10371,0.999710144928,0.000289855072464,0.0,0.0
9261,0.999710144928,0.000289855072464,0.0,0.0
18297,0.795623545239,0.160198468226,0.0441779865356,0.0
912,0.491719567516,0.461954963942,0.0463254685419,1.0
7579,0.679539903659,0.304333538201,0.0161265581394,1.0
10263,0.730334943315,0.269665056685,0.0,1.0
18391,0.709373742598,0.216037656304,0.0745886010987,0.0
16015,0.824250129881,0.138269114782,0.0374807553374,1.0
17938,0.978211111111,0.0217888888889,0.0,0.0
2894,0.597410196207,0.370413922207,0.0321758815853,0.0
6648,0.911859873375,0.0789796519705,0.00916047465439,0.0
11137,0.320614185435,0.402879043427,0.276506771138,2.0
17054,0.999079514297,0.000920485703094,0.0,0.0
6495,0.645477484947,0.320372566904,0.0341499481491,0.0
10070,0.99752722269,0.00247277730989,0.0,0.0
11029,0.481204833244,0.509678565871,0.00911660088494,1.0
16043,0.993614154749,0.00610842589609,0.000277419354839,0.0
12529,0.510592669583,0.395177098774,0.0942302316431,0.0
9536,0.905150234059,0.0944034276674,0.000446338273758,1.0
5281,0.869566088861,0.125599468299,0.00483444283944,0.0
14815,0.335972988572,0.652363308965,0.0116637024625,0.0
11651,0.570932228408,0.428538829737,0.000528941855304,1.0
6697,0.867635282463,0.105299301793,0.0270654157438,0.0
488,0.94331277269,0.0560695292917,0.000617698017921,0.0
9228,0.904472808084,0.093220272036,0.00230691988003,1.0
6298,0.543176450861,0.035357708777,0.421465840362,2.0
12674,0.497615158089,0.502270305712,0.000114536199095,0.0
18262,0.91602506828,0.0829900217802,0.00098490994006,0.0
3569,0.608776646761,0.3259495833,0.0652737699391,1.0
17870,0.965338132073,0.0346008923176,6.09756097561e-05,0.0
2074,0.986143362312,0.0138566376878,0.0,0.0
16700,0.185354939922,0.0535917345398,0.761053325539,2.0
8286,0.946788367571,0.0531104961764,0.000101136252326,1.0
6739,0.368131955714,0.610622590055,0.0212454542305,0.0
13417,0.699575659161,0.236854881088,0.0635694597514,0.0
12365,0.699880046086,0.252569780204,0.0475501737106,0.0
6966,0.379890072961,0.602481171946,0.0176287550923,1.0
6572,0.541838685537,0.45439081174,0.00377050272301,0.0
8558,0.699386534784,0.261464618163,0.039148847053,0.0
11860,0.884615724394,0.11535850241,2.57731958763e-05,0.0
15193,0.827177808402,0.154007260511,0.0188149310871,0.0
17502,0.971345911147,0.0247938366239,0.00386025222942,0.0
13120,0.554744798148,0.429010456596,0.0162447452553,0.0
17275,0.656496713985,0.326717674632,0.0167856113826,1.0
16879,0.950554264816,0.0439578608436,0.00548787434006,0.0
18392,0.635571205884,0.363866005749,0.000562788367378,1.0
11333,0.688432215247,0.311375907851,0.000191876902654,0.0
16107,0.796725589199,0.180640127247,0.0226342835547,0.0
2054,0.897285159187,0.102714840813,0.0,0.0
6395,0.723297093541,0.276610994695,9.19117647059e-05,0.0
14049,0.858435932253,0.141344287527,0.00021978021978,0.0
10894,0.863166866138,0.136602905784,0.000230228078021,0.0
6591,0.536750546424,0.435385312619,0.0278641409574,1.0
11403,0.974435569125,0.0199076374537,0.00565679342166,0.0
18213,0.927928260808,0.067923861674,0.00414787751763,0.0
1691,0.999710144928,0.000289855072464,0.0,0.0
13032,0.958105531177,0.0365758469512,0.0053186218718,0.0
13322,0.864164374162,0.11250133271,0.0233342931276,0.0
1974,0.900382912251,0.0845017801425,0.0151153076064,0.0
8387,0.985112320505,0.0146922952826,0.000195384211907,0.0
9942,0.990116342427,0.00960623821831,0.000277419354839,0.0
9577,0.500686046409,0.450670005221,0.0486439483692,0.0
5904,0.999085144928,0.000914855072464,0.0,0.0
7456,0.90835536764,0.0896088756719,0.00203575668809,0.0
14265,0.632892683172,0.354231903859,0.0128754129694,0.0
17219,0.932742759316,0.0665181056256,0.00073913505849,0.0
1086,0.627215285434,0.317466411068,0.0553183034974,0.0
17788,0.616896391188,0.383103608812,0.0,0.0
5336,0.979233716475,0.0207662835249,0.0,0.0
1314,0.316732214694,0.327135412531,0.356132372775,0.0
7208,0.95962117576,0.0277691400056,0.012609684234,0.0
10998,0.73801978363,0.175110811584,0.0868694047858,0.0
2143,0.698812665007,0.270463286539,0.0307240484547,0.0
1164,0.302588652482,0.238329787234,0.459081560284,2.0
6471,0.314798387097,0.428510752688,0.256690860215,2.0
9099,0.951955216717,0.0445236567413,0.0035211265415,0.0
13296,0.306999390583,0.626344052216,0.0666565572011,1.0
978,0.421651020706,0.574727464256,0.00362151503704,1.0
3645,0.394710086272,0.60512066126,0.000169252468265,0.0
4802,0.687449727332,0.312527648233,2.26244343891e-05,1.0
10027,0.106732505466,0.209794874393,0.683472620141,1.0
1022,0.371995697018,0.267944544017,0.360059758965,2.0
11848,0.64,0.22,0.14,0.0
15419,0.984749225676,0.0151897987141,6.09756097561e-05,0.0
3058,0.622469787554,0.377507588012,2.26244343891e-05,0.0
7001,0.406060963954,0.117309942458,0.476629093588,2.0
8160,0.180600774121,0.185042334359,0.634356891519,0.0
14414,0.0729425517519,0.20711619396,0.719941254288,2.0
8415,0.821215779427,0.16846448721,0.0103197333637,1.0
12471,0.718411825575,0.277801559364,0.00378661506157,0.0
11077,0.801730549173,0.198063899564,0.000205551263657,0.0
7847,0.879626437824,0.108399741051,0.0119738211245,0.0
6851,0.999079514297,0.000920485703094,0.0,0.0
4852,0.723038895356,0.190314864145,0.0866462404985,0.0
3982,0.88053111971,0.114693806258,0.00477507403205,0.0
8727,0.62196447647,0.0871408315399,0.29089469199,0.0
10683,0.860140970007,0.13950255831,0.000356471682966,0.0
9412,0.634550885385,0.365060081926,0.000389032688045,1.0
6288,0.277579369497,0.702761147122,0.0196594833806,1.0
18012,0.96221511401,0.035742579378,0.00204230661196,0.0
6261,0.969710144928,0.0302898550725,0.0,0.0
8481,0.474813343796,0.490695208958,0.0344914472455,1.0
7926,0.979710144928,0.0202898550725,0.0,0.0
8789,0.260208338455,0.119482544784,0.620309116761,2.0
2542,0.538270236667,0.4484114337,0.013318329633,1.0
3571,0.527301905411,0.145260042381,0.327438052208,1.0
5602,0.883701172754,0.112074262279,0.00422456496688,0.0
570,0.224610390896,0.763665985972,0.011723623132,0.0
18452,0.979085144928,0.0209148550725,0.0,0.0
10478,0.336532860365,0.269844633797,0.393622505838,2.0
9793,0.993139795657,0.00686020434259,0.0,0.0
7516,0.587765360965,0.41126015921,0.000974479825778,1.0
15506,0.197882770129,0.33936900292,0.46274822695,0.0
4969,0.809492901886,0.158384332117,0.0321227659967,0.0
11738,0.413779823533,0.353888075584,0.232332100882,1.0
9037,0.908486871527,0.0914521528628,6.09756097561e-05,0.0
2180,0.535982651861,0.422310367853,0.041706980286,1.0
4831,0.685331316569,0.269553880823,0.045114802608,0.0
4524,0.677210436373,0.271018554153,0.0517710094745,0.0
897,0.999452791986,0.00054720801364,0.0,0.0
11590,0.762638744738,0.22766335025,0.00969790501208,0.0
16275,0.102336625628,0.109588296595,0.788075077776,2.0
6421,0.586469875845,0.226770144683,0.186759979473,0.0
12977,0.92847826087,0.0715217391304,0.0,0.0
10389,0.98632456591,0.0136754340903,0.0,0.0
716,0.281604072034,0.574894904797,0.143501023169,2.0
3821,0.910923756647,0.0876927287535,0.00138351459933,0.0
9584,0.903228079379,0.0967719206214,0.0,0.0
18110,0.34199998244,0.414024272126,0.243975745433,2.0
2184,0.358126409018,0.23730273752,0.404570853462,0.0
4253,0.810628032461,0.114214955722,0.0751570118172,0.0
149,0.837736620839,0.161985959807,0.000277419354839,0.0
18163,0.988811472528,0.0109586329435,0.000229894528675,0.0
17847,0.953941319508,0.0460586804923,0.0,0.0
14558,0.438550824593,0.0799508485156,0.481498326891,1.0
16573,0.886092304734,0.102652834077,0.011254861189,0.0
18039,0.497240877913,0.45349757844,0.0492615436479,1.0
1428,0.626061406272,0.307056205664,0.0668823880644,1.0
13919,0.912043309682,0.0720886382216,0.0158680520969,0.0
