id,predict_0,predict_1,predict_2,real
14121,0.957358285541,0.0424887509697,0.000152963489087,1.0
9320,0.964353064615,0.0347015467192,0.00094538866607,0.0
14394,0.577171324252,0.419668358679,0.00316031706841,1.0
8218,0.325645746459,0.435591188645,0.238763064896,1.0
14804,0.45840882549,0.51892127494,0.0226698995697,0.0
1080,0.608951732345,0.280275785512,0.110772482144,0.0
9731,0.89398295976,0.0997109584443,0.0063060817962,0.0
15505,0.934478940934,0.065377116498,0.000143942567795,0.0
3443,0.565343709238,0.434329416807,0.000326873954982,1.0
13300,0.545284841745,0.211699259489,0.243015898766,1.0
8976,0.419051976488,0.529709382967,0.0512386405449,1.0
7965,0.757867998491,0.241723160341,0.000408841168097,0.0
10342,0.523947546297,0.428849086153,0.0472033675506,0.0
6741,0.286633582585,0.675027264136,0.0383391532784,1.0
7187,0.597592737479,0.303358815964,0.0990484465564,0.0
16780,0.577044786309,0.420269347895,0.00268586579591,0.0
14195,0.728860589221,0.270737901038,0.000401509740953,0.0
14025,0.744436346245,0.217581967811,0.0379816859441,0.0
8548,0.570379736446,0.369812568539,0.0598076950145,1.0
9566,0.887164347636,0.0901327512044,0.0227029011594,0.0
15652,0.486635862081,0.111281660294,0.402082477625,0.0
3931,0.50492023621,0.442155680437,0.0529240833535,0.0
4557,0.948444023711,0.0440253739195,0.00753060236981,0.0
3610,0.955960033361,0.0428944440585,0.00114552258037,0.0
16574,0.858300676108,0.126642768957,0.0150565549357,0.0
7504,0.310640465239,0.659745880157,0.029613654604,1.0
9735,0.864011349302,0.117435210957,0.0185534397405,0.0
14048,0.610249793054,0.350339680351,0.0394105265955,1.0
6769,0.450036322064,0.465069128005,0.0848945499306,0.0
2514,0.799112138108,0.172820047986,0.0280678139059,0.0
896,0.64848254218,0.300105752501,0.0514117053182,0.0
4757,0.998098431943,0.00186335149666,3.82165605096e-05,0.0
16358,0.750178022325,0.239234684061,0.0105872936148,1.0
11810,0.791815143289,0.208036850359,0.000148006352081,0.0
7274,0.415062982003,0.529388285767,0.0555487322306,1.0
2972,0.896250882579,0.101740734525,0.00200838289559,0.0
7392,0.839841795749,0.159866891858,0.000291312392629,0.0
6824,0.934441608333,0.0613579439063,0.00420044776053,0.0
4311,0.420488220132,0.19050059635,0.389011183518,2.0
12261,0.510459416979,0.364623637406,0.124916945615,2.0
14752,0.720841678389,0.236579513792,0.0425788078188,0.0
14992,0.2831677249,0.671648135977,0.0451841391237,2.0
967,0.664607821774,0.195240766353,0.140151411873,2.0
8059,0.867629541842,0.122783580661,0.00958687749718,0.0
13406,0.643702224996,0.317000067129,0.0392977078742,0.0
11424,0.974000399958,0.0241223944718,0.00187720557044,0.0
3945,0.138806699347,0.147298400877,0.713894899775,2.0
10351,0.371669007275,0.297470873164,0.330860119561,2.0
2272,0.933707131827,0.0662928681728,0.0,0.0
10752,0.691617834302,0.308096807567,0.000285358130798,1.0
17096,0.105949651091,0.158781134822,0.735269214087,2.0
17314,0.283692067413,0.216536126823,0.499771805764,2.0
12770,0.33165877826,0.48623062438,0.182110597359,1.0
3304,0.522493490799,0.174030342533,0.303476166667,1.0
9012,0.799952741329,0.188220629354,0.0118266293172,0.0
9928,0.300840033679,0.0749276882721,0.624232278049,2.0
297,0.577989799686,0.247655807157,0.174354393157,2.0
5751,0.875653857809,0.124198135838,0.000148006352081,0.0
17692,0.449860518169,0.539176513366,0.0109629684649,1.0
3688,0.91175839469,0.0868615601663,0.00138004514403,0.0
3425,0.210871965492,0.634511791768,0.15461624274,1.0
7871,0.279706467937,0.403204701177,0.317088830886,1.0
10013,0.675375621423,0.308915866816,0.0157085117612,0.0
13832,0.158735849419,0.729452594885,0.111811555696,1.0
11743,0.269693438747,0.290881039148,0.439425522105,1.0
10099,0.582935230135,0.320093911383,0.096970858482,1.0
16682,0.18012313549,0.777865831883,0.0420110326267,1.0
10156,0.85297805137,0.142874448271,0.004147500359,1.0
16154,0.690501717657,0.301875607613,0.00762267472943,0.0
14176,0.555020724249,0.437646917304,0.0073323584473,1.0
14964,0.236788136702,0.240948283336,0.522263579963,2.0
12896,0.1676542953,0.344868252099,0.487477452601,2.0
7288,0.264260670097,0.111455257517,0.624284072386,2.0
15882,0.747756983322,0.169215448735,0.0830275679432,0.0
12441,0.393630503389,0.398462552623,0.207906943987,1.0
17248,0.423312765894,0.563247974056,0.0134392600504,0.0
16745,0.751038577876,0.219743539501,0.029217882623,0.0
5315,0.470163435575,0.328920037045,0.20091652738,0.0
17118,0.372636032825,0.60747086513,0.0198931020446,1.0
7725,0.892962994314,0.0963782243958,0.01065878129,0.0
2311,0.598156751116,0.369000785216,0.0328424636676,0.0
4292,0.867738117772,0.11100065151,0.0212612307183,0.0
15773,0.953287334139,0.0465979189325,0.000114746928578,0.0
6531,0.978484848485,0.0215151515152,0.0,0.0
16009,0.663301464297,0.320895118036,0.0158034176667,0.0
11930,0.936326193589,0.0635590594827,0.000114746928578,0.0
8541,0.946504522151,0.0533807309202,0.000114746928578,0.0
11019,0.594486077567,0.360273582259,0.0452403401744,0.0
8274,0.902393143169,0.0974417128494,0.000165143981222,0.0
722,0.564130345079,0.394424099626,0.0414455552947,0.0
12305,0.551740254993,0.446062384098,0.00219736090824,1.0
11444,0.66763037952,0.271453862677,0.060915757803,1.0
4006,0.420699530612,0.396814209334,0.182486260055,1.0
9231,0.442794926176,0.513521136125,0.0436839376989,1.0
6821,0.944606377921,0.0522922859648,0.00310133611455,0.0
12888,0.610379059068,0.387022049812,0.00259889112021,0.0
6779,0.584844844958,0.414939855651,0.000215299391183,0.0
11232,0.655339134598,0.342983888,0.00167697740233,0.0
11685,0.201167320836,0.441641883136,0.357190796029,2.0
1318,0.452825747286,0.4968288413,0.0503454114138,1.0
909,0.710380706315,0.2731182574,0.0165010362846,1.0
18511,0.493906325924,0.488738141488,0.0173555325881,1.0
16460,0.983719227031,0.0159956428285,0.000285130140756,0.0
12008,0.954782241028,0.0450647954833,0.000152963489087,0.0
6811,0.995440846745,0.00455915325534,0.0,0.0
16071,0.67001343279,0.206094046845,0.123892520365,0.0
4486,0.616417106071,0.321383973949,0.0621989199794,0.0
183,0.405154410976,0.528744617426,0.0661009715985,1.0
5729,0.950945009216,0.0472970813635,0.00175790942017,0.0
15368,0.489462281543,0.394505830028,0.11603188843,0.0
5064,0.561751970815,0.262451203904,0.175796825281,0.0
11530,0.934344696261,0.0654740747954,0.000181228943443,0.0
14860,0.581731873781,0.38156951947,0.0366986067498,0.0
13166,0.890163661296,0.0981792901353,0.0116570485682,0.0
14528,0.823650129285,0.176171108094,0.000178762621474,0.0
4202,0.578907574891,0.321583563083,0.0995088620258,1.0
3916,0.172386720948,0.682823115836,0.144790163216,1.0
11454,0.775632721458,0.212368786848,0.011998491694,1.0
12297,0.736612091622,0.142120624298,0.12126728408,0.0
553,0.25779399695,0.10835783696,0.633848166091,0.0
10390,0.32613930413,0.396402200494,0.277458495377,1.0
5056,0.852322248269,0.147103806263,0.000573945468044,0.0
10503,0.662884948152,0.336892307081,0.000222744767627,0.0
1835,0.473472974501,0.494036276552,0.0324907489469,1.0
10085,0.99718862089,0.00277316254973,3.82165605096e-05,0.0
13807,0.537508150588,0.240365894809,0.222125954604,0.0
11318,0.997210945228,0.00275083821194,3.82165605096e-05,0.0
533,0.955960033361,0.0428944440585,0.00114552258037,0.0
10538,0.587758603812,0.317808145621,0.0944332505674,1.0
11549,0.837245205953,0.148918829877,0.01383596417,0.0
16900,0.917789843849,0.0703326554402,0.0118775007112,0.0
599,0.846154452514,0.141772967791,0.012072579695,0.0
11700,0.344886828188,0.556886072534,0.0982270992784,0.0
18331,0.844095068326,0.135613603679,0.0202913279947,0.0
5381,0.261516321754,0.199498594226,0.53898508402,2.0
13638,0.693091168138,0.192302833077,0.114605998785,0.0
2703,0.852064441984,0.115095576656,0.0328399813597,0.0
13686,0.165351121875,0.187996480148,0.646652397977,0.0
6240,0.190196120817,0.129887112054,0.679916767128,2.0
8546,0.109069742618,0.0866420555898,0.804288201792,0.0
4578,0.549337995496,0.432671915617,0.0179900888869,0.0
15870,0.265078031902,0.257989956799,0.476932011299,0.0
17084,0.939904729386,0.0576380299251,0.00245724068889,0.0
4114,0.596130842023,0.328448111198,0.0754210467786,0.0
8011,0.834235685148,0.0890978734442,0.0766664414081,0.0
6588,0.976401881173,0.0235981188266,0.0,0.0
12490,0.687993762494,0.210846307924,0.101159929582,2.0
3975,0.988225154969,0.0117366284704,3.82165605096e-05,0.0
4720,0.811735077505,0.188116916143,0.000148006352081,0.0
15209,0.754486694672,0.208502224582,0.0370110807453,0.0
6092,0.745782852025,0.214143960491,0.0400731874835,1.0
9426,0.381358777917,0.161289796867,0.457351425215,0.0
2307,0.971493317027,0.0283537194836,0.000152963489087,0.0
13291,0.464422547029,0.517884845834,0.0176926071373,0.0
17245,0.489445835405,0.494185007468,0.0163691571269,1.0
11726,0.962831164084,0.0279793984414,0.00918943747449,0.0
15486,0.431001903795,0.438371896598,0.130626199607,0.0
9033,0.58796570432,0.36799682959,0.0440374660897,2.0
9959,0.321424443227,0.543073342986,0.135502213787,0.0
3798,0.996399348859,0.00356243458038,3.82165605096e-05,0.0
15624,0.292415541984,0.388442285975,0.319142172042,1.0
5995,0.780911453553,0.21886705721,0.000221489236895,0.0
9644,0.570384981671,0.388443147245,0.0411718710842,0.0
10779,0.957934061376,0.0420659386243,0.0,0.0
9734,0.704289967844,0.295384048211,0.000325983945469,1.0
14954,0.532752696516,0.362491924415,0.104755379069,1.0
15493,0.797930493773,0.190312274683,0.0117572315443,0.0
6222,0.361213658462,0.599464776289,0.0393215652496,1.0
17390,0.611607888046,0.38339100442,0.00500110753401,1.0
6826,0.35662996274,0.60237868852,0.0409913487398,1.0
8611,0.283054248415,0.42376172955,0.293184022036,2.0
9087,0.790116598622,0.152583854663,0.0572995467157,0.0
17472,0.342237036469,0.609956532517,0.0478064310138,1.0
12760,0.803609850243,0.196242143405,0.000148006352081,0.0
4963,0.281076877847,0.199252109143,0.51967101301,2.0
6225,0.147281690341,0.38221862951,0.47049968015,1.0
7959,0.641269361815,0.330190160437,0.0285404777485,0.0
1773,0.55880476713,0.399924265852,0.0412709670184,1.0
6136,0.9102614865,0.089642573671,9.59398289732e-05,1.0
5965,0.403724953229,0.543555117841,0.052719928929,1.0
5390,0.856671092636,0.143180901012,0.000148006352081,0.0
13663,0.546280371468,0.233658910717,0.220060717815,2.0
4501,0.806332433921,0.181840936762,0.0118266293172,0.0
13442,0.273792332,0.530202286881,0.196005381118,1.0
6958,0.887169388093,0.0944838065945,0.0183468053125,0.0
16339,0.369885056429,0.583892913521,0.0462220300495,0.0
9372,0.633328515101,0.228931094668,0.137740390231,0.0
5576,0.385640560811,0.586681315801,0.0276781233876,1.0
663,0.160327405144,0.176070915903,0.663601678953,0.0
1473,0.514802917607,0.4335296274,0.0516674549926,1.0
949,0.497048895332,0.431947618484,0.0710034861845,0.0
10513,0.415936289596,0.495860794907,0.0882029154965,0.0
14289,0.549071206516,0.394637852737,0.0562909407473,1.0
15260,0.946432182447,0.0509846322798,0.00258318527327,0.0
9812,0.678020658976,0.256646864449,0.0653324765756,0.0
4916,0.264658086208,0.201087833405,0.534254080386,2.0
17515,0.6163339598,0.310228379825,0.0734376603751,2.0
17388,0.889668416732,0.110183576916,0.000148006352081,0.0
4450,0.945397977962,0.0456709613763,0.00893106066168,0.0
16258,0.893589430635,0.0864772902134,0.0199332791514,0.0
10528,0.577048261811,0.415790079729,0.00716165845965,0.0
4003,0.859244436325,0.140574334732,0.000181228943443,1.0
3954,0.616526076983,0.378192765956,0.00528115706076,1.0
13945,0.615304251428,0.357670530174,0.027025218398,1.0
15607,0.612238315213,0.37018459545,0.0175770893367,0.0
11897,0.338270104107,0.299456536064,0.362273359829,0.0
12609,0.906933771454,0.0645743227934,0.0284919057531,0.0
10122,0.999821656051,0.000140127388535,3.82165605096e-05,0.0
7886,0.940191348634,0.0585599263661,0.00124872500008,0.0
15771,0.904058390445,0.0663170246132,0.0296245849419,0.0
17681,0.490909478815,0.44153327056,0.0675572506249,0.0
15863,0.445727429867,0.404702008992,0.149570561141,2.0
17690,0.20532084837,0.391489507492,0.403189644138,1.0
8606,0.990521954223,0.0094398292164,3.82165605096e-05,0.0
11362,0.743892641626,0.25438319119,0.00172416718422,0.0
4604,0.59378260216,0.318186508327,0.0880308895135,0.0
5480,0.986786601369,0.0131751820709,3.82165605096e-05,0.0
12277,0.446886249233,0.116871612744,0.436242138024,2.0
1400,0.890276983082,0.10723019472,0.00249282219845,0.0
6687,0.962039415137,0.0370151961968,0.00094538866607,0.0
11153,0.879779149864,0.100515823299,0.0197050268368,0.0
8313,0.164843277521,0.103132165672,0.732024556807,2.0
5787,0.771484174361,0.228106984471,0.000408841168097,0.0
741,0.465965434841,0.483698161086,0.0503364040731,0.0
16502,0.919466048718,0.0584794699477,0.0220544813341,0.0
4036,0.32315001296,0.415279740334,0.261570246706,0.0
5029,0.799952741329,0.188220629354,0.0118266293172,0.0
18158,0.186267684569,0.464969381599,0.348762933832,1.0
18441,0.95461401675,0.0452330197612,0.000152963489087,0.0
4268,0.914598513184,0.0838566543474,0.00154483246818,0.0
4092,0.354485958563,0.228966704276,0.416547337161,0.0
16819,0.919942262555,0.0783140503429,0.00174368710171,0.0
7774,0.232177463697,0.328857461576,0.438965074727,2.0
5824,0.627354726487,0.259561476132,0.11308379738,0.0
7295,0.420340891785,0.316886050441,0.262773057774,1.0
18146,0.709166567124,0.202418848827,0.088414584049,0.0
17409,0.331828159523,0.196824925694,0.471346914783,2.0
6095,0.736294037264,0.251805230791,0.0119007319453,0.0
9032,0.833513217205,0.133552024595,0.0329347581998,0.0
5210,0.969497430953,0.0303878221189,0.000114746928578,0.0
11177,0.891661551682,0.108157219374,0.000181228943443,0.0
12324,0.353330828003,0.630113623891,0.016555548106,1.0
1697,0.704964546052,0.277196661728,0.0178387922203,0.0
3106,0.640166259978,0.338589968637,0.0212437713844,1.0
7824,0.843018656555,0.152406573239,0.00457477020692,0.0
2588,0.313258311971,0.288276163121,0.398465524909,0.0
13644,0.955278215179,0.0435762622403,0.00114552258037,0.0
13082,0.936705923462,0.0632940765384,0.0,0.0
8150,0.91808780565,0.0817974474215,0.000114746928578,0.0
6234,0.243849982821,0.154992143019,0.601157874159,0.0
10350,0.854078164642,0.14584254501,7.92903476519e-05,0.0
13538,0.892528211705,0.0968130070045,0.01065878129,0.0
2338,0.866530743859,0.132186249113,0.00128300702727,0.0
17947,0.867304317787,0.132147737008,0.000547945205479,0.0
9786,0.555881715295,0.421353774499,0.0227645102056,0.0
9514,0.799074342627,0.179875017368,0.0210506400044,0.0
13670,0.873771317895,0.111076196465,0.0151524856399,0.0
15482,0.503707780448,0.442143745868,0.0541484736837,0.0
12517,0.571342538819,0.383107925286,0.0455495358948,1.0
411,0.364801316897,0.273168388868,0.362030294235,1.0
10237,0.489136646983,0.293793690719,0.217069662299,0.0
12734,0.39203334257,0.240489846089,0.367476811341,0.0
10863,0.824584550837,0.17526744281,0.000148006352081,0.0
11390,0.753180507744,0.224261642272,0.0225578499837,0.0
5260,0.544806191343,0.410904896562,0.0442889120947,0.0
8244,0.584452103816,0.414227800661,0.0013200955229,1.0
4161,0.5105507234,0.461386041918,0.0280632346822,1.0
16354,0.618165484627,0.317782531877,0.0640519834967,0.0
15236,0.993110966408,0.0063026986316,0.000586334960034,0.0
14877,0.355303181399,0.585443778869,0.0592530397321,0.0
4810,0.95712357302,0.0427616800512,0.000114746928578,0.0
4637,0.851389449125,0.13985812829,0.00875242258466,0.0
14124,0.599518931791,0.280076458189,0.12040461002,1.0
4737,0.914872464518,0.0850054361901,0.000122099291556,0.0
5377,0.38066497589,0.602439825416,0.0168951986942,1.0
14696,0.32338434107,0.174574593551,0.502041065379,0.0
2880,0.584402294071,0.357970575831,0.0576271300981,1.0
17021,0.922436037354,0.0752964792468,0.00226748339915,0.0
11043,0.988576224458,0.0113713038136,5.24717280078e-05,0.0
6,0.53911726612,0.457659443839,0.00322329004118,1.0
2380,0.629235487706,0.166002285803,0.204762226492,1.0
6563,0.633087464166,0.317807512297,0.0491050235371,0.0
2273,0.744535883023,0.211561965677,0.0439021513001,0.0
1743,0.50196464667,0.478673415909,0.0193619374212,1.0
12919,0.285288388321,0.423558327156,0.291153284523,2.0
7922,0.614058329093,0.356812894472,0.0291287764349,0.0
8201,0.869076149682,0.123472093232,0.00745175708544,0.0
13659,0.86899985519,0.13074439403,0.000255750780114,0.0
2861,0.616322996574,0.230893707032,0.152783296394,0.0
17883,0.188467541345,0.426539678763,0.384992779893,2.0
17057,0.951861091329,0.0480641702559,7.47384155456e-05,0.0
12316,0.65718128074,0.342218461646,0.000600257613506,0.0
12541,0.629252086622,0.319684917683,0.0510629956955,0.0
363,0.882976048397,0.0912398912128,0.0257840603898,0.0
4166,0.545819374121,0.371790499119,0.0823901267598,1.0
8354,0.25979725995,0.379625640206,0.360577099844,0.0
9160,0.258978834299,0.641684004016,0.0993371616848,1.0
1476,0.956047111649,0.0429703659096,0.000982522441133,0.0
8193,0.890683615914,0.0978677790356,0.0114486050507,1.0
12708,0.549145347469,0.379980880923,0.0708737716083,1.0
13410,0.496869605378,0.49647561211,0.00665478251242,0.0
12066,0.951107381815,0.0485709661889,0.000321651995793,0.0
8570,0.656290510739,0.31279339793,0.030916091331,0.0
4204,0.682861462978,0.271815127329,0.0453234096925,0.0
18290,0.959715998426,0.0401310380851,0.000152963489087,0.0
11441,0.284901644214,0.378207750734,0.336890605052,2.0
17975,0.598979166398,0.328919348151,0.0721014854504,1.0
11262,0.263498777229,0.304833344494,0.431667878277,0.0
3768,0.831869018302,0.111997172846,0.0561338088519,0.0
11418,0.955699728899,0.0441473076115,0.000152963489087,0.0
13813,0.221918089354,0.675588076561,0.102493834085,1.0
1665,0.274248125365,0.496606083851,0.229145790784,1.0
4170,0.84269340526,0.14477424493,0.0125323498099,0.0
12798,0.907158794209,0.0596192206227,0.0332219851681,0.0
681,0.807769267004,0.15998564932,0.0322450836762,0.0
319,0.738760190141,0.221997686261,0.0392421235976,0.0
17956,0.959393096292,0.0406069037076,0.0,0.0
429,0.964065932365,0.0245708521548,0.0113632154799,0.0
6663,0.516573777802,0.43074753125,0.0526786909476,1.0
10586,0.672858378142,0.319557022046,0.00758459981229,1.0
8583,0.693124083687,0.265058233135,0.0418176831781,0.0
8030,0.878287175471,0.121531595586,0.000181228943443,0.0
5099,0.94212362766,0.0567202486256,0.00115612371444,0.0
446,0.461729059893,0.51765227033,0.0206186697772,1.0
5725,0.156893274805,0.639311905458,0.203794819736,1.0
15436,0.410959821573,0.327426926481,0.261613251946,0.0
6758,0.96883422311,0.0308109023032,0.000354874587155,0.0
6449,0.991146464019,0.0088153194204,3.82165605096e-05,0.0
4552,0.145804334686,0.27031262878,0.583883036534,1.0
17865,0.345097228155,0.180096449524,0.474806322321,0.0
1645,0.204903070581,0.665482279359,0.12961465006,1.0
1308,0.684899889673,0.312308799041,0.00279131128634,0.0
8781,0.942566144341,0.0573191087301,0.000114746928578,1.0
831,0.91681698247,0.0827820751869,0.000400942343444,0.0
15145,0.71220341534,0.161633067353,0.126163517308,0.0
17654,0.862350582766,0.119523351543,0.0181260656912,0.0
603,0.970266885733,0.0296736962931,5.94179739371e-05,0.0
5962,0.600831845653,0.398766052419,0.000402101928343,0.0
11520,0.599518931791,0.280076458189,0.12040461002,0.0
10341,0.709887070586,0.287104274964,0.00300865444965,0.0
5070,0.272692137328,0.108133389383,0.619174473289,0.0
1197,0.964129246919,0.0339650143315,0.00190573874974,0.0
6187,0.408132120902,0.394964076889,0.196903802209,1.0
733,0.493725426645,0.402053963512,0.104220609843,0.0
2242,0.989184872483,0.0108151275166,0.0,0.0
479,0.55093451511,0.394343691061,0.0547217938284,0.0
12362,0.902723142373,0.0969340042173,0.00034285340922,0.0
14596,0.765734913395,0.23343814393,0.000826942675746,0.0
6801,0.207777602554,0.343190086469,0.449032310977,1.0
4896,0.548139552665,0.397772080879,0.0540883664559,1.0
3287,0.336051891831,0.438959595561,0.224988512608,1.0
8377,0.725749230834,0.274076985599,0.000173783566999,1.0
14233,0.681165036446,0.275359406838,0.0434755567168,0.0
5065,0.695977921203,0.261077967603,0.0429441111942,0.0
6233,0.947390342941,0.0506105637589,0.00199909330024,0.0
4160,0.738488776433,0.251326157668,0.0101850658996,0.0
16840,0.958051720908,0.0417953156032,0.000152963489087,0.0
18192,0.867726352934,0.12126687371,0.0110067733556,0.0
7711,0.563008653404,0.414686992391,0.0223043542051,0.0
7254,0.287659944804,0.459337377983,0.253002677213,1.0
3214,0.681076751981,0.261375736143,0.0575475118762,0.0
14597,0.736813436469,0.252179790175,0.0110067733556,1.0
15086,0.217969002196,0.280666514896,0.501364482907,2.0
8686,0.723008069954,0.27140059111,0.00559133893667,0.0
16989,0.244610587326,0.213281134476,0.542108278198,2.0
420,0.29360679686,0.671611039704,0.0347821634355,0.0
16891,0.996843793304,0.00311799013594,3.82165605096e-05,0.0
8046,0.66522659682,0.311992361135,0.0227810420444,1.0
7484,0.86364790954,0.13185538321,0.00449670725023,0.0
14880,0.73390325399,0.225627699068,0.0404690469425,0.0
16049,0.591385483263,0.203938348619,0.204676168118,0.0
227,0.254084578605,0.125156570276,0.620758851119,0.0
1387,0.496245508512,0.503297843032,0.000456648456061,0.0
12011,0.956525213443,0.0433600396282,0.000114746928578,0.0
6123,0.60356020321,0.329921554154,0.0665182426363,0.0
8935,0.50492023621,0.442155680437,0.0529240833535,0.0
2865,0.890623178331,0.0983700483136,0.0110067733556,0.0
17241,0.890962024422,0.0935039555406,0.0155340200372,0.0
5237,0.791177298812,0.197051460621,0.0117712405672,0.0
3185,0.724464283339,0.27531444532,0.000221271341905,1.0
4691,0.73291409001,0.204330369158,0.0627555408317,0.0
8423,0.80136083953,0.198305057718,0.000334102752551,0.0
17894,0.887169388093,0.0944838065945,0.0183468053125,0.0
14642,0.947979392584,0.0519681356883,5.24717280078e-05,0.0
5292,0.972405905364,0.027555878075,3.82165605096e-05,0.0
3670,0.336706497135,0.625067998019,0.0382255048465,1.0
7301,0.859018128141,0.10018193156,0.0407999402986,1.0
2105,0.780300932996,0.215602370067,0.00409669693768,0.0
1954,0.928446282722,0.0691797751834,0.00237394209451,0.0
7699,0.711609552636,0.231063366331,0.057327081033,0.0
15680,0.401208742152,0.458718784977,0.140072472871,1.0
16960,0.960284810426,0.0396142916959,0.000100897878129,0.0
2476,0.868441304133,0.131403069641,0.000155626225515,0.0
4646,0.996705923462,0.00329407653843,0.0,0.0
4826,0.9919914898,0.00797029363904,3.82165605096e-05,0.0
14595,0.299675101303,0.548743249435,0.151581649262,1.0
12970,0.56888043419,0.4199016765,0.0112178893096,1.0
9353,0.78439630181,0.21512211461,0.000481583579974,0.0
17222,0.947946904555,0.0517257319318,0.000327363512797,0.0
10057,0.966268446306,0.0337315536944,0.0,0.0
12864,0.302430501631,0.194885477678,0.502684020691,2.0
16999,0.812991690811,0.154136958049,0.0328713511399,0.0
2692,0.678868146366,0.319895440119,0.00123641351453,0.0
14976,0.962831164084,0.0279793984414,0.00918943747449,0.0
6847,0.937248629194,0.0626720804586,7.92903476519e-05,1.0
15784,0.909472553662,0.0643930623101,0.0261343840283,0.0
8439,0.533791643522,0.454778543126,0.0114298133523,1.0
7067,0.20739566481,0.143112996753,0.649491338437,0.0
18113,0.582772744074,0.416859189024,0.000368066902749,1.0
17415,0.796093236329,0.191807662359,0.0120991013122,0.0
12978,0.933955301665,0.0524802927591,0.0135644055761,0.0
5459,0.446452789118,0.537524656794,0.0160225540876,0.0
10742,0.375284563941,0.570858379883,0.0538570561756,1.0
497,0.80916846447,0.190685763168,0.000145772362517,0.0
6646,0.833963130283,0.150579463495,0.0154574062224,0.0
12958,0.314522551164,0.233244001577,0.452233447259,0.0
5394,0.715464269411,0.273948436974,0.0105872936148,0.0
12610,0.355211247132,0.623499717756,0.0212890351118,1.0
5926,0.658266508085,0.3270843159,0.0146491760143,0.0
9713,0.997448543886,0.00251323955375,3.82165605096e-05,0.0
7364,0.725955299983,0.262388078091,0.0116566219261,0.0
5311,0.88676375648,0.102381264114,0.0108549794055,0.0
13337,0.665663706715,0.333502974074,0.000833319210936,0.0
11149,0.942345687435,0.0575399780217,0.000114334543383,0.0
6938,0.595448506969,0.380790745359,0.0237607476719,1.0
14109,0.657993762494,0.210846307924,0.131159929582,0.0
16926,0.744061598816,0.255790394831,0.000148006352081,0.0
5219,0.957110266375,0.0427367701363,0.000152963489087,0.0
14939,0.29643364558,0.567068605762,0.136497748658,1.0
6492,0.849734887123,0.139959183739,0.0103059291388,0.0
4107,0.91143910316,0.0798108934711,0.00875000336928,0.0
506,0.427630522287,0.399058401423,0.17331107629,0.0
2435,0.560487641276,0.370413758922,0.0690985998015,1.0
12376,0.473182560374,0.374615175104,0.152202264521,1.0
135,0.922109530597,0.0633968199822,0.0144936494206,0.0
9605,0.961775618561,0.0380714179498,0.000152963489087,0.0
13872,0.729980679036,0.244474713272,0.0255446076915,0.0
15057,0.370023366988,0.148600693769,0.481375939242,0.0
11020,0.443130941555,0.536682847874,0.0201862105707,1.0
3536,0.873626724302,0.110509827491,0.0158634482063,0.0
14249,0.334005569298,0.0962157621502,0.569778668551,2.0
3979,0.63619648619,0.3616862819,0.00211723191018,0.0
8293,0.917883942432,0.0809705349875,0.00114552258037,0.0
2987,0.986705923462,0.0132940765384,0.0,0.0
2361,0.263384543085,0.134236039526,0.60237941739,2.0
11595,0.413219092717,0.352158830191,0.234622077092,2.0
15473,0.508543211772,0.211772316563,0.279684471664,0.0
8927,0.972984864333,0.0268621721783,0.000152963489087,0.0
7128,0.292111561421,0.191631844026,0.516256594553,1.0
5580,0.791241892244,0.159217220354,0.0495408874018,0.0
2302,0.707981918728,0.183605266139,0.108412815132,0.0
3332,0.964860830573,0.0350244224986,0.000114746928578,0.0
15011,0.343548557561,0.623410727854,0.0330407145854,1.0
3262,0.308908421298,0.496560765257,0.194530813444,0.0
8459,0.129516632055,0.0933865524835,0.777096815462,0.0
3303,0.436955607787,0.540892367615,0.022152024598,0.0
7207,0.996421435459,0.00354034798023,3.82165605096e-05,0.0
2560,0.987164648919,0.012797134521,3.82165605096e-05,0.0
5935,0.956525213443,0.0433600396282,0.000114746928578,0.0
17817,0.751591614018,0.243332654419,0.00507573156255,0.0
6081,0.585044770362,0.358069914299,0.0568853153388,0.0
1244,0.544173107356,0.455611593253,0.000215299391183,1.0
784,0.954506924801,0.0453401117095,0.000152963489087,0.0
5703,0.304681650551,0.236264630769,0.45905371868,2.0
4848,0.453246927994,0.346773274379,0.199979797627,0.0
5634,0.305714389269,0.5666659768,0.127619633931,1.0
16696,0.919073000495,0.0583518497724,0.0225751497326,0.0
12619,0.939904729386,0.0576380299251,0.00245724068889,0.0
15671,0.549309598544,0.450322334553,0.000368066902749,1.0
12676,0.744914600996,0.254614092924,0.000471306080592,0.0
18093,0.523198829668,0.438703162761,0.0380980075712,1.0
11855,0.392203593451,0.54851303379,0.0592833727596,1.0
1456,0.713636677049,0.209375310461,0.0769880124906,0.0
17460,0.141232250579,0.317631655838,0.541136093583,1.0
12099,0.669686319433,0.294960643349,0.0353530372185,0.0
274,0.961775618561,0.0380714179498,0.000152963489087,0.0
105,0.540958654259,0.458777721676,0.000263624064563,1.0
13301,0.510057188922,0.445813837207,0.0441289738705,0.0
12782,0.764145910374,0.197672628239,0.0381814613869,2.0
8928,0.666409413253,0.333024379821,0.000566206925286,0.0
11604,0.794952741329,0.193220629354,0.0118266293172,0.0
16445,0.808213710644,0.157579526477,0.0342067628798,0.0
16694,0.446968262383,0.449395567294,0.103636170323,1.0
646,0.968145469317,0.0317158223617,0.000138708321589,0.0
11171,0.585612772529,0.261103451885,0.153283775586,0.0
18228,0.197030282266,0.226798012922,0.576171704812,2.0
1104,0.395711898285,0.309821348986,0.29446675273,1.0
16966,0.327810665587,0.662207142369,0.00998219204426,0.0
16874,0.714631223572,0.191204746704,0.0941640297243,0.0
18127,0.355939579373,0.614197276524,0.0298631441025,1.0
1205,0.99718862089,0.00277316254973,3.82165605096e-05,0.0
3172,0.990485999957,0.00951400004338,0.0,0.0
18535,0.829666716459,0.169974077004,0.000359206536831,0.0
8729,0.352446139382,0.310940742187,0.336613118431,1.0
3384,0.739952496809,0.165185728425,0.0948617747662,0.0
7640,0.578784960813,0.343418422881,0.0777966163056,0.0
7007,0.865347334766,0.122995616666,0.0116570485682,0.0
11469,0.867414331206,0.131240923884,0.00134474490998,0.0
16837,0.601207722333,0.347471033075,0.0513212445913,1.0
17237,0.809071928403,0.157623316652,0.0333047549454,0.0
19,0.3964676921,0.530687272579,0.0728450353206,1.0
14290,0.861697070312,0.133682938613,0.00461999107516,0.0
6761,0.71852675483,0.275835632302,0.00563761286779,0.0
15850,0.878579894077,0.121340815575,7.92903476519e-05,0.0
16249,0.974077050376,0.0258704778959,5.24717280078e-05,0.0
11170,0.94936853627,0.04948594115,0.00114552258037,0.0
9380,0.44411106256,0.519374250836,0.0365146866045,1.0
1790,0.405306521309,0.591470188649,0.00322329004118,0.0
14735,0.252918230531,0.134774532401,0.612307237068,2.0
14241,0.516031884885,0.432136887805,0.0518312273098,1.0
5689,0.964031159643,0.0350234516911,0.00094538866607,0.0
14799,0.716631509862,0.257074455275,0.0262940348626,1.0
15037,0.796093236329,0.191807662359,0.0120991013122,0.0
17745,0.868394273191,0.113905609866,0.0177001169422,1.0
874,0.156318883634,0.0723926056196,0.771288510747,2.0
11724,0.841479023421,0.124211133294,0.0343098432847,0.0
12109,0.599864705536,0.364396733387,0.0357385610771,0.0
2589,0.595068168516,0.308001196149,0.0969306353352,1.0
1619,0.410734422581,0.525564274241,0.0637013031789,0.0
9224,0.640857091648,0.305811420658,0.0533314876938,0.0
6197,0.729424719397,0.246990948584,0.023584332019,0.0
6643,0.497214764457,0.450474741446,0.0523104940965,1.0
14544,0.728422300713,0.260266228835,0.0113114704523,1.0
14337,0.778413788583,0.210219352215,0.0113668592022,0.0
16159,0.920046604689,0.0798004318224,0.000152963489087,0.0
12623,0.940955991971,0.056460822756,0.00258318527327,0.0
11193,0.500738156019,0.412207412538,0.0870544314431,1.0
10700,0.743789694664,0.25576027122,0.000450034115864,0.0
1264,0.538496754592,0.194675494432,0.266827750976,0.0
18386,0.983634638369,0.0158598861061,0.000505475525204,0.0
5364,0.979821656051,0.0201401273885,3.82165605096e-05,0.0
16123,0.350019339437,0.61704010313,0.0329405574328,0.0
6111,0.17069689009,0.616199941402,0.213103168508,1.0
7607,0.136826615019,0.267922032249,0.595251352732,2.0
14830,0.369253101091,0.600859836441,0.0298870624685,1.0
12961,0.719614599338,0.206336548458,0.074048852204,2.0
16230,0.679249831493,0.113829413373,0.206920755134,0.0
8174,0.474908958334,0.49953740132,0.0255536403461,1.0
15369,0.394903464136,0.545689481603,0.0594070542613,0.0
4558,0.984116053562,0.0158457298779,3.82165605096e-05,0.0
12259,0.844189717953,0.140836676908,0.0149736051398,0.0
14532,0.64404352941,0.286700963621,0.0692555069693,0.0
6004,0.99262404478,0.00733773865965,3.82165605096e-05,0.0
12646,0.850678730297,0.149173263351,0.000148006352081,0.0
8685,0.910648383722,0.0892368693496,0.000114746928578,0.0
11183,0.5531099571,0.375690219267,0.071199823633,0.0
8953,0.564041741401,0.435590191696,0.000368066902749,1.0
17491,0.691592642666,0.294887930256,0.0135194270782,0.0
13130,0.967693289449,0.032306710551,0.0,0.0
14740,0.915425923229,0.0702428876197,0.0143311891512,0.0
532,0.770836647526,0.217763262728,0.0114000897461,0.0
13907,0.774905638689,0.209066601494,0.0160277598172,1.0
18363,0.373774982249,0.458000510387,0.168224507364,1.0
10422,0.943252886964,0.0492312691192,0.00751584391627,0.0
6041,0.313410372113,0.0546302981958,0.631959329691,0.0
8590,0.371395876326,0.213717564421,0.414886559252,2.0
17319,0.963635386839,0.0362116496718,0.000152963489087,0.0
14844,0.531318784042,0.392133140619,0.0765480753386,1.0
6719,0.260218872014,0.284020663013,0.455760464973,2.0
417,0.398382548811,0.593160611286,0.00845683990309,1.0
16552,0.42970487463,0.484773206855,0.0855219185149,1.0
2145,0.974524853433,0.0230885092097,0.00238663735784,0.0
13169,0.707433220877,0.282381713223,0.0101850658996,0.0
15657,0.822690386278,0.176616040969,0.000693572752717,0.0
17361,0.969648995767,0.0301980407439,0.000152963489087,0.0
17844,0.996843793304,0.00311799013594,3.82165605096e-05,0.0
16368,0.995215819899,0.00474596354021,3.82165605096e-05,0.0
4652,0.863393922871,0.098189111572,0.0384169655574,0.0
4238,0.227054382288,0.701226078837,0.0717195388746,0.0
7490,0.224752305138,0.202177152815,0.573070542046,2.0
8847,0.913300040796,0.0621201413628,0.024579817841,0.0
11995,0.361612494517,0.374239683484,0.264147821999,0.0
7139,0.801396317101,0.198269580146,0.000334102752551,0.0
6002,0.993110966408,0.0063026986316,0.000586334960034,0.0
14402,0.630199840748,0.295511301755,0.0742888574966,0.0
14409,0.962902778579,0.0251602354491,0.0119369859717,0.0
1098,0.905047648986,0.0845405445726,0.0104118064415,0.0
12774,0.669276343294,0.327086250338,0.00363740636802,1.0
5249,0.135495483463,0.0910032316154,0.773501284922,2.0
1382,0.159133336561,0.49822548564,0.342641177799,2.0
15226,0.704933220877,0.284881713223,0.0101850658996,1.0
94,0.420792841588,0.499056670904,0.080150487508,2.0
9591,0.939071396053,0.0584713632585,0.00245724068889,0.0
11886,0.59169914814,0.344214055679,0.0640867961816,0.0
1621,0.478487782414,0.4829544399,0.0385577776861,1.0
810,0.462610415068,0.530659545536,0.00673003939602,0.0
8536,0.472771575452,0.526771776092,0.000456648456061,1.0
3169,0.721172670116,0.278502472023,0.000324857860407,1.0
6788,0.362586700355,0.248883513012,0.388529786633,2.0
3111,0.609162371414,0.294305543975,0.0965320846106,0.0
4080,0.751087113234,0.238325593152,0.0105872936148,1.0
18193,0.588494968669,0.41128973194,0.000215299391183,1.0
16218,0.272288205285,0.509376978133,0.218334816582,1.0
4246,0.92056533781,0.0776909750881,0.00174368710171,0.0
14125,0.583353194163,0.338790297052,0.0778565087855,0.0
821,0.214294842596,0.467218243159,0.318486914246,1.0
13006,0.955347588597,0.0436698889621,0.000982522441133,0.0
18173,0.785629863328,0.200499458852,0.01387067782,0.0
11276,0.303850712713,0.30871141461,0.387437872677,0.0
10371,0.997142364335,0.00285763566548,0.0,0.0
9261,1.0,0.0,0.0,0.0
18297,0.703950301197,0.264321360199,0.0317283386035,0.0
912,0.504782128829,0.443864363143,0.0513535080276,1.0
7579,0.553372434671,0.418008138223,0.0286194271061,1.0
10263,0.746851912772,0.252051166663,0.00109692056576,1.0
18391,0.650345171958,0.178369069152,0.171285758891,0.0
16015,0.770208772242,0.174740126958,0.0550511007991,1.0
17938,0.959840170914,0.0400468741104,0.000112954976055,0.0
2894,0.629067349969,0.329170296552,0.041762353479,0.0
6648,0.88546473986,0.0986673079272,0.0158679522129,0.0
11137,0.445307767853,0.437935570174,0.116756661973,2.0
17054,0.99688143716,0.0031185628398,0.0,0.0
6495,0.637256003303,0.339571297413,0.0231726992836,0.0
10070,0.982245657057,0.0176584031141,9.59398289732e-05,0.0
11029,0.501862071382,0.476076641127,0.0220612874903,1.0
16043,0.967764083235,0.0320829532759,0.000152963489087,0.0
12529,0.401574351031,0.434283789278,0.164141859691,0.0
9536,0.865651678103,0.134167092954,0.000181228943443,1.0
5281,0.814466848562,0.160818455457,0.0247146959813,0.0
14815,0.361370800361,0.6054628751,0.0331663245393,0.0
11651,0.569045906838,0.430497444706,0.000456648456061,1.0
6697,0.857001517819,0.12262475528,0.0203737269003,0.0
488,0.946789325304,0.0506274894227,0.00258318527327,0.0
9228,0.857594988924,0.132566702124,0.00983830895163,1.0
6298,0.401137480191,0.0774102448885,0.52145227492,2.0
12674,0.570041538369,0.429631587676,0.000326873954982,0.0
18262,0.847413492297,0.148018568929,0.00456793877396,0.0
3569,0.606692685233,0.308304824608,0.0850024901592,1.0
17870,0.94622103372,0.0532060687546,0.000572897525716,0.0
2074,0.971993806073,0.0278532304382,0.000152963489087,0.0
16700,0.208261636351,0.110975383881,0.680762979768,2.0
8286,0.947720111212,0.050280795488,0.00199909330024,1.0
6739,0.383305510274,0.595377199415,0.0213172903105,0.0
13417,0.700017115247,0.257128971617,0.0428539131359,0.0
12365,0.660282450774,0.285886850693,0.0538306985332,0.0
6966,0.362600772293,0.599747214065,0.0376520136421,1.0
6572,0.540322839949,0.444971246874,0.0147059131769,0.0
8558,0.673775580174,0.255453288537,0.0707711312893,0.0
11860,0.842389415962,0.155876325878,0.00173425816035,0.0
15193,0.843282608258,0.136342426841,0.0203749649014,0.0
17502,0.945320484274,0.0439629930662,0.0107165226602,0.0
13120,0.565581144728,0.408846880625,0.025571974647,0.0
17275,0.693662313728,0.281508329118,0.0248293571542,1.0
16879,0.892798938704,0.0967433382074,0.0104577230889,0.0
18392,0.776584031577,0.222175116345,0.0012408520783,1.0
11333,0.701950235407,0.297495800991,0.000553963601689,0.0
16107,0.696176228235,0.202562514379,0.101261257386,0.0
2054,0.892622722294,0.107127158262,0.000250119444862,0.0
6395,0.703751050599,0.296075165834,0.000173783566999,0.0
14049,0.823420700804,0.176175435466,0.000403863729999,0.0
10894,0.849793204887,0.149357031517,0.000849763596119,0.0
6591,0.555440764478,0.401548514826,0.0430107206959,1.0
11403,0.892455916539,0.0722031847537,0.0353408987077,0.0
18213,0.88627825529,0.102532205035,0.0111895396751,0.0
1691,0.999821656051,0.000140127388535,3.82165605096e-05,0.0
13032,0.889953798388,0.0992963870786,0.0107498145334,0.0
13322,0.851415062156,0.111456830423,0.0371281074206,0.0
1974,0.887169388093,0.0944838065945,0.0183468053125,0.0
8387,0.950263191034,0.0479788995453,0.00175790942017,0.0
9942,0.958678922135,0.0411681143763,0.000152963489087,0.0
9577,0.525577931588,0.42127269494,0.0531493734718,0.0
5904,0.995268038065,0.00469374537475,3.82165605096e-05,0.0
7456,0.836978426923,0.158388663336,0.0046329097418,0.0
14265,0.604555432899,0.372906019415,0.0225385476863,0.0
17219,0.882406542445,0.117445451203,0.000148006352081,0.0
1086,0.603354583797,0.330586943681,0.0660584725214,0.0
17788,0.644241778956,0.355584437477,0.000173783566999,0.0
5336,0.983801017687,0.0161607657529,3.82165605096e-05,0.0
1314,0.261268270165,0.290824189748,0.447907540087,0.0
7208,0.859018128141,0.10018193156,0.0407999402986,0.0
10998,0.73082368078,0.217977724009,0.051198595211,0.0
2143,0.659402123299,0.302045815659,0.0385520610427,0.0
1164,0.417462999221,0.173108440607,0.409428560172,2.0
6471,0.304150210282,0.448739236379,0.247110553338,2.0
9099,0.900731146399,0.0556995268108,0.0435693267898,0.0
13296,0.444621012397,0.484462120958,0.0709168666446,1.0
978,0.371682895435,0.623093150377,0.00522395418807,1.0
3645,0.547738400983,0.45192279885,0.000338800167535,0.0
4802,0.668089274642,0.331583851403,0.000326873954982,1.0
10027,0.192654942188,0.128251576459,0.679093481353,1.0
1022,0.372152990976,0.355339700085,0.272507308939,2.0
11848,0.584845857228,0.20408025647,0.211073886302,0.0
15419,0.955960033361,0.0428944440585,0.00114552258037,0.0
3058,0.626849960132,0.372823165913,0.000326873954982,0.0
7001,0.358674981792,0.199469131759,0.441855886449,2.0
8160,0.291869188844,0.304303012862,0.403827798294,0.0
14414,0.102176012953,0.18264278064,0.715181206407,2.0
8415,0.789197489065,0.190535873998,0.0202666369367,1.0
12471,0.706811549859,0.285745637788,0.00744281235345,0.0
11077,0.851618907167,0.147808195308,0.000572897525716,0.0
7847,0.736150711314,0.234686906674,0.0291623820127,0.0
6851,0.966705923462,0.0332940765384,0.0,0.0
4852,0.71503707434,0.201846938141,0.0831159875191,0.0
3982,0.821712599043,0.172159374616,0.00612802634103,0.0
8727,0.664314030731,0.185598584052,0.150087385217,0.0
10683,0.801396317101,0.198269580146,0.000334102752551,0.0
9412,0.619279612727,0.380244461993,0.000475925280082,1.0
6288,0.329467710761,0.629951776321,0.0405805129173,1.0
18012,0.947920556563,0.0482892355101,0.00379020792664,0.0
6261,0.968441617574,0.0309510192466,0.000607363179417,0.0
8481,0.532365851855,0.431768341125,0.035865807021,1.0
7926,0.985439989207,0.0145115846428,4.84261501211e-05,0.0
8789,0.256730191942,0.151884841853,0.591384966205,2.0
2542,0.546476170294,0.424822791784,0.0287010379219,1.0
3571,0.449462465332,0.189048964148,0.36148857052,1.0
5602,0.857963874465,0.126261245158,0.0157748803765,0.0
570,0.310825905691,0.658008713286,0.0311653810236,0.0
18452,0.983113539094,0.0168482443453,3.82165605096e-05,0.0
10478,0.305240730775,0.353255011976,0.341504257249,2.0
9793,0.960182043061,0.0396649934497,0.000152963489087,0.0
7516,0.572665701342,0.424648432862,0.00268586579591,1.0
15506,0.181179136972,0.347838589314,0.470982273714,0.0
4969,0.791962001744,0.188942576689,0.0190954215671,0.0
11738,0.422853771645,0.257403949518,0.319742278837,1.0
9037,0.914410123763,0.08516773248,0.000422143756872,0.0
2180,0.549416126453,0.408001686951,0.042582186596,1.0
4831,0.646534437506,0.300690069462,0.0527754930324,0.0
4524,0.702742231756,0.213473225775,0.0837845424692,0.0
897,0.978453419732,0.0214941085398,5.24717280078e-05,0.0
11590,0.768071459377,0.219575202023,0.0123533386003,0.0
16275,0.134231147087,0.097454863529,0.768313989384,2.0
