id,predict_0,predict_1,predict_2,real
14121,0.995433997693,0.00456600230681,0.0,1.0
9320,0.992722518252,0.00727748174833,0.0,0.0
14394,0.542719093363,0.457010330505,0.000270576131687,1.0
8218,0.303014183613,0.492753463012,0.204232353375,1.0
14804,0.393618394001,0.59372344614,0.0126581598597,0.0
1080,0.556166819899,0.282417354049,0.161415826052,0.0
9731,0.972669495507,0.0258128285527,0.00151767594001,0.0
15505,0.988402982471,0.0115970175285,0.0,0.0
3443,0.434770669528,0.565058664734,0.000170665737422,1.0
13300,0.619393675052,0.227628827872,0.152977497076,1.0
8976,0.398062436982,0.533202742424,0.0687348205936,1.0
7965,0.881656226817,0.118274328738,6.94444444444e-05,0.0
10342,0.488245463938,0.491008824549,0.0207457115134,0.0
6741,0.249907479978,0.692197696333,0.0578948236888,1.0
7187,0.568030237816,0.353926602896,0.078043159288,0.0
16780,0.523746852234,0.475494436834,0.000758710931918,0.0
14195,0.682749299894,0.317250700106,0.0,0.0
14025,0.81831787889,0.147012175751,0.0346699453593,0.0
8548,0.535968588858,0.395381123864,0.0686502872783,1.0
9566,0.970448769974,0.0232048668383,0.00634636318777,0.0
15652,0.51,0.15,0.34,0.0
3931,0.420277445894,0.534529763187,0.0451927909185,0.0
4557,0.989816726627,0.00759664138759,0.00258663198517,0.0
3610,0.990283825866,0.00949742537677,0.000218748757109,0.0
16574,0.900729450373,0.0871534624776,0.0121170871496,0.0
7504,0.152443818434,0.842420675202,0.00513550636442,1.0
9735,0.964477323034,0.033495551297,0.00202712566869,0.0
14048,0.538944510245,0.443761354096,0.0172941356585,1.0
6769,0.631574536696,0.361181481707,0.00724398159666,0.0
2514,0.874449015567,0.0797438077958,0.0458071766372,0.0
896,0.693375811215,0.265004120955,0.0416200678296,0.0
4757,0.99993902439,6.09756097561e-05,0.0,0.0
16358,0.781562996358,0.216488903106,0.00194810053632,1.0
11810,0.851938293952,0.147960484755,0.000101221292978,0.0
7274,0.355056114452,0.568680189843,0.0762636957051,1.0
2972,0.956493472046,0.0434620835099,4.44444444444e-05,0.0
7392,0.873065813553,0.126934186447,0.0,0.0
6824,0.979748927701,0.0196610197007,0.000590052598757,0.0
4311,0.393780514505,0.141639299398,0.464580186097,2.0
12261,0.543818099677,0.357495402684,0.0986864976396,2.0
14752,0.74682303144,0.228473157882,0.0247038106777,0.0
14992,0.184870205475,0.801311271577,0.0138185229474,2.0
967,0.656120108029,0.204810349027,0.139069542944,2.0
8059,0.919880080698,0.0773398264249,0.0027800928766,0.0
13406,0.65092003861,0.343363222806,0.00571673858446,0.0
11424,1.0,0.0,0.0,0.0
3945,0.0296271617217,0.182436954344,0.787935883934,2.0
10351,0.57,0.25,0.18,2.0
2272,0.94267281106,0.0573271889401,0.0,0.0
10752,0.720190942847,0.27970783586,0.000101221292978,1.0
17096,0.1,0.1,0.8,2.0
17314,0.257916389657,0.210935662781,0.531147947561,2.0
12770,0.241882823769,0.579601777647,0.178515398583,1.0
3304,0.372606101791,0.151927875286,0.475466022923,1.0
9012,0.873393952625,0.123728509677,0.00287753769775,0.0
9928,0.39486069512,0.00718792700188,0.597951377878,2.0
297,0.697489418466,0.199339803493,0.10317077804,2.0
5751,0.868879057353,0.131100366516,2.05761316872e-05,0.0
17692,0.331272102371,0.667964737294,0.00076316033454,1.0
3688,0.934898536333,0.0649976574382,0.000103806228374,0.0
3425,0.317850798248,0.554332638747,0.127816563004,1.0
7871,0.303725332622,0.449060327935,0.247214339443,1.0
10013,0.769548787975,0.228986292325,0.0014649197009,0.0
13832,0.0430242965393,0.929840643875,0.0271350595854,1.0
11743,0.424332037508,0.198974061745,0.376693900747,1.0
10099,0.660455866203,0.272872704335,0.0666714294614,1.0
16682,0.035856403555,0.958835144973,0.00530845147238,1.0
10156,0.877958080196,0.119218278538,0.00282364126579,1.0
16154,0.616514778898,0.38189820045,0.00158702065154,0.0
14176,0.401076008857,0.598009333417,0.000914657726034,1.0
14964,0.209089339339,0.184867009867,0.606043650794,2.0
12896,0.109531960603,0.460480808214,0.429987231183,2.0
7288,0.243720834996,0.0363391856042,0.7199399794,2.0
15882,0.782062572771,0.183373585578,0.0345638416508,0.0
12441,0.461308270677,0.275256744803,0.26343498452,1.0
17248,0.492800992852,0.504705533774,0.00249347337403,0.0
16745,0.89804584532,0.096004719876,0.00594943480384,0.0
5315,0.572451066971,0.306370959584,0.121177973446,0.0
17118,0.384365073593,0.606539595161,0.00909533124608,1.0
7725,0.988420166005,0.0115335376985,4.62962962963e-05,0.0
2311,0.636547244926,0.337880760478,0.0255719945964,0.0
4292,0.949316928726,0.0361540511059,0.0145290201683,0.0
15773,0.988732632666,0.0112673673342,0.0,0.0
6531,0.979565217391,0.0204347826087,0.0,0.0
16009,0.777663647104,0.21564470455,0.00669164834612,0.0
11930,0.977452998853,0.0225470011468,0.0,0.0
8541,0.981852545187,0.0181474548125,0.0,0.0
11019,0.640769465321,0.333286164822,0.0259443698569,0.0
8274,0.933631424895,0.0663685751049,0.0,0.0
722,0.50483309957,0.47174502936,0.02342187107,0.0
12305,0.513564384774,0.48634559465,9.00205761317e-05,1.0
11444,0.716377108169,0.267551889753,0.0160710020784,1.0
4006,0.532530130761,0.345394047187,0.122075822052,1.0
9231,0.353401482301,0.608944045444,0.0376544722559,1.0
6821,0.971088412977,0.0285131512388,0.000398435784644,0.0
12888,0.5193668801,0.48021858268,0.000414537219871,0.0
6779,0.532771237561,0.467208186307,2.05761316872e-05,0.0
11232,0.643065301729,0.355874511475,0.00106018679529,0.0
11685,0.108478601935,0.597334968816,0.294186429249,2.0
1318,0.378274803849,0.586156562976,0.0355686331748,1.0
909,0.741930270077,0.252576557969,0.00549317195387,1.0
18511,0.583235614268,0.393445192363,0.0233191933693,1.0
16460,0.989779005525,0.0102209944751,0.0,0.0
12008,0.994285609513,0.00571439048743,0.0,0.0
6811,0.99,0.01,0.0,0.0
16071,0.626886675713,0.246545472069,0.126567852218,0.0
4486,0.569597540002,0.368985152621,0.0614173073768,0.0
183,0.451117988426,0.491440923358,0.0574410882163,1.0
5729,0.993028361473,0.00675288976953,0.000218748757109,0.0
15368,0.620813291964,0.287456419442,0.0917302885945,0.0
5064,0.54721418316,0.260885616481,0.191900200359,0.0
11530,0.944433799408,0.0553937867987,0.000172413793103,0.0
14860,0.455649110853,0.523114684862,0.0212362042849,0.0
13166,0.995120898907,0.00483280479708,4.62962962963e-05,0.0
14528,0.874500447778,0.125499552222,0.0,0.0
4202,0.405036136219,0.482641585964,0.112322277818,1.0
3916,0.170140063759,0.656505039839,0.173354896402,1.0
11454,0.873852806744,0.123735009962,0.00241218329464,1.0
12297,0.836499742525,0.124079864658,0.0394203928167,0.0
553,0.211547275634,0.0373457538467,0.751106970519,0.0
10390,0.281083333333,0.41025,0.308666666667,1.0
5056,0.81884533512,0.18115466488,0.0,0.0
10503,0.672581171927,0.327318886861,9.99412110523e-05,0.0
1835,0.484916782319,0.450320040804,0.0647631768773,1.0
10085,0.9988,0.0012,0.0,0.0
13807,0.543333333333,0.253333333333,0.203333333333,0.0
11318,1.0,0.0,0.0,0.0
533,0.990283825866,0.00949742537677,0.000218748757109,0.0
10538,0.62820533603,0.338236423198,0.0335582407721,1.0
11549,0.93296180423,0.0619500472161,0.00508814855345,0.0
16900,0.986263619877,0.0134364603153,0.000299919807538,0.0
599,0.900291759754,0.0950180593804,0.00469018086545,0.0
11700,0.410630187866,0.509840473477,0.0795293386575,0.0
18331,0.930097459378,0.0633040596618,0.00659848095978,0.0
5381,0.328872910569,0.0913512293711,0.57977586006,2.0
13638,0.772420074868,0.103754123808,0.123825801324,0.0
2703,0.973098197701,0.0144343813707,0.0124674209287,0.0
13686,0.135,0.225952380952,0.639047619048,0.0
6240,0.07,0.116666666667,0.813333333333,2.0
8546,0.0979092970522,0.0269019274376,0.87518877551,0.0
4578,0.476209095278,0.521952066475,0.0018388382471,0.0
15870,0.215124882503,0.252944843365,0.531930274132,0.0
17084,0.962990647484,0.0367906037588,0.000218748757109,0.0
4114,0.449460429462,0.443390425211,0.107149145327,0.0
8011,0.756499946167,0.0795099094555,0.163990144378,0.0
6588,0.999284344172,0.000715655827548,0.0,0.0
12490,0.712177740173,0.174562009416,0.11326025041,2.0
3975,0.99993902439,6.09756097561e-05,0.0,0.0
4720,0.851634182464,0.148093462532,0.000272355004156,0.0
15209,0.851840830928,0.122863311581,0.0252958574903,0.0
6092,0.79934322425,0.183149928584,0.0175068471664,1.0
9426,0.474176745874,0.067051216111,0.458772038015,0.0
2307,0.997334830774,0.00266516922553,0.0,0.0
13291,0.459375631526,0.527729283538,0.0128950849366,0.0
17245,0.414662631309,0.584276320957,0.00106104773453,1.0
11726,0.999162869085,0.000744107658718,9.3023255814e-05,0.0
15486,0.460746727639,0.457194089098,0.082059183263,0.0
9033,0.662043714522,0.313453763166,0.0245025223124,2.0
9959,0.335722692296,0.53830202035,0.125975287354,0.0
3798,0.9888,0.0112,0.0,0.0
15624,0.375224836601,0.412086928105,0.212688235294,1.0
5995,0.837668862157,0.162331137843,0.0,0.0
9644,0.528580519962,0.447215682044,0.0242037979942,0.0
10779,0.987028571429,0.0129714285714,0.0,0.0
9734,0.658613966801,0.341386033199,0.0,1.0
14954,0.625924876568,0.285940880484,0.0881342429482,1.0
15493,0.880446842367,0.116832027247,0.00272113038575,0.0
6222,0.193673564024,0.794330503623,0.0119959323536,1.0
17390,0.509057403932,0.490077502157,0.000865093910642,1.0
6826,0.199609710401,0.791031088067,0.00935920153203,1.0
8611,0.314197910495,0.478447399267,0.207354690237,2.0
9087,0.905981850631,0.0794801952849,0.0145379540842,0.0
17472,0.36662642197,0.628131874195,0.00524170383537,1.0
12760,0.811415043009,0.188483735698,0.000101221292978,0.0
4963,0.259863838781,0.191404140347,0.548732020872,2.0
6225,0.2,0.29,0.51,1.0
7959,0.771089934248,0.216098778836,0.0128112869164,0.0
1773,0.56975902659,0.417575088037,0.0126658853732,1.0
6136,0.963631424895,0.0363685751049,0.0,1.0
5965,0.346673044655,0.622238747775,0.0310882075701,1.0
5390,0.643863883948,0.356136116052,0.0,0.0
13663,0.359873278681,0.338343648531,0.301783072788,2.0
4501,0.876399977383,0.120956859919,0.00264316269775,0.0
13442,0.225957142423,0.65415728831,0.119885569267,1.0
6958,0.973285997423,0.0227931559871,0.00392084658979,0.0
16339,0.330992624156,0.621355623662,0.0476517521818,0.0
9372,0.574471544715,0.313546747967,0.111981707317,0.0
5576,0.408222332179,0.585387799172,0.00638986864971,1.0
663,0.0903333333333,0.183,0.726666666667,0.0
1473,0.358257021786,0.59623918135,0.045503796864,1.0
949,0.439404027933,0.483115333908,0.0774806381597,0.0
10513,0.227105401,0.638557370683,0.134337228317,0.0
14289,0.514827180118,0.447711954556,0.0374608653263,1.0
15260,0.96911710091,0.030664150333,0.000218748757109,0.0
9812,0.783422408351,0.189728940044,0.0268486516055,0.0
4916,0.168753013495,0.221221310805,0.610025675699,2.0
17515,0.658054506888,0.261541336992,0.0804041561197,2.0
17388,0.958639059505,0.0413609404954,0.0,0.0
4450,0.990729134908,0.0079051609805,0.00136570411163,0.0
16258,0.947292992573,0.03368522038,0.0190217870474,0.0
10528,0.333047776109,0.665378980576,0.00157324331549,0.0
4003,0.821699078814,0.178220276025,8.06451612903e-05,1.0
3954,0.518196400313,0.48061992214,0.00118367754693,1.0
13945,0.588847983067,0.40485425351,0.0062977634225,1.0
15607,0.661721815681,0.328633340376,0.00964484394266,0.0
11897,0.366640927649,0.228200555896,0.405158516455,0.0
12609,0.989680865577,0.00433758256051,0.00598155186272,0.0
10122,1.0,0.0,0.0,0.0
7886,0.9904372312,0.00945896257167,0.000103806228374,0.0
15771,0.996450891417,0.00232724664319,0.00122186194024,0.0
17681,0.313567945013,0.638998328632,0.0474337263552,0.0
15863,0.421198180714,0.436132589883,0.142669229404,2.0
17690,0.247129071366,0.193077443374,0.559793485261,1.0
8606,0.9988,0.0012,0.0,0.0
11362,0.576066213772,0.423806827118,0.000126959110411,0.0
4604,0.522557002684,0.331985017967,0.145457979349,0.0
5480,0.978284344172,0.0217156558275,0.0,0.0
12277,0.42,0.06,0.52,2.0
1400,0.927928466017,0.0720715339831,0.0,0.0
6687,0.993622518252,0.00637748174833,0.0,0.0
11153,0.969902673815,0.025479816317,0.00461750986791,0.0
8313,0.0310364049841,0.0425267477672,0.926436847249,2.0
5787,0.881561988687,0.118368566869,6.94444444444e-05,0.0
741,0.497543286452,0.481446111452,0.0210106020962,0.0
16502,0.996125310021,0.00255980478273,0.00131488519606,0.0
4036,0.309125,0.369625,0.32125,0.0
5029,0.873393952625,0.123728509677,0.00287753769775,0.0
18158,0.168822165956,0.242912375478,0.588265458567,1.0
18441,0.995231341416,0.0047686585836,0.0,0.0
4268,0.973935144653,0.0258816840396,0.000183171307739,0.0
4092,0.334555596041,0.275928888077,0.389515515882,0.0
16819,0.987985324498,0.0119108692736,0.000103806228374,0.0
7774,0.208324814377,0.239118633075,0.552556552547,2.0
5824,0.711548999013,0.231449290158,0.0570017108293,0.0
7295,0.444709587436,0.375020558777,0.180269853787,1.0
18146,0.755519568854,0.179354454038,0.0651259771087,0.0
17409,0.39,0.17,0.44,2.0
6095,0.728406196546,0.239739579423,0.031854224031,0.0
9032,0.943757325414,0.0408314215285,0.0154112530572,0.0
5210,0.992788085048,0.00721191495152,0.0,0.0
11177,0.905810337318,0.0939966727571,0.000192989924791,0.0
12324,0.291012955078,0.67357061131,0.0354164336128,1.0
1697,0.746826482721,0.246488907205,0.00668461007388,0.0
3106,0.619087756876,0.371445826922,0.00946641620203,1.0
7824,0.948851492212,0.050245404087,0.000903103700879,0.0
2588,0.181634230233,0.301991977969,0.516373791797,0.0
13644,0.990283825866,0.00949742537677,0.000218748757109,0.0
13082,0.98,0.02,0.0,0.0
8150,0.922372439796,0.0776275602045,0.0,0.0
6234,0.138630608763,0.137423976264,0.723945414974,0.0
10350,0.816045536163,0.183954463837,0.0,0.0
13538,0.988420166005,0.0115335376985,4.62962962963e-05,0.0
2338,0.951563476419,0.0483301406027,0.000106382978723,0.0
17947,0.916,0.084,0.0,0.0
9786,0.466129650847,0.521439002151,0.0124313470021,0.0
9514,0.868223854078,0.0893648382812,0.0424113076413,0.0
13670,0.956099105671,0.0390444310412,0.00485646328782,0.0
15482,0.490669737504,0.46866065826,0.0406696042359,0.0
12517,0.531889404667,0.440769873534,0.0273407217989,1.0
411,0.430713635827,0.239990399386,0.329295964788,1.0
10237,0.340459231936,0.223441301153,0.436099466911,0.0
12734,0.598837432537,0.174882768347,0.226279799116,0.0
10863,0.829488307912,0.170410470795,0.000101221292978,0.0
11390,0.811372943914,0.17323899764,0.0153880584457,0.0
5260,0.557422577986,0.414816843328,0.027760578686,0.0
8244,0.363570142062,0.636429857938,0.0,1.0
4161,0.30857111898,0.676713494595,0.0147153864242,1.0
16354,0.613538380326,0.320221351642,0.0662402680323,0.0
15236,0.999034145397,0.000965854603214,0.0,0.0
14877,0.335136601967,0.55597848409,0.108884913942,0.0
4810,0.987844554117,0.0121554458826,0.0,0.0
4637,0.936593667806,0.0606180425961,0.00278828959791,0.0
14124,0.531400139924,0.241197810692,0.227402049384,1.0
4737,0.925895886896,0.0741041131037,0.0,0.0
5377,0.310200346234,0.681622490329,0.0081771634376,1.0
14696,0.388792222886,0.170070796554,0.441136980561,0.0
2880,0.63828066172,0.291192013938,0.0705273243425,1.0
17021,0.984248265572,0.0155685631204,0.000183171307739,0.0
11043,0.999679127053,0.000320872947277,0.0,0.0
6,0.5521876008,0.447053688268,0.000758710931918,1.0
2380,0.75264543674,0.176186738578,0.071167824682,1.0
6563,0.745486169774,0.247490292099,0.00702353812675,0.0
2273,0.68270283892,0.288165454033,0.0291317070473,0.0
1743,0.397473312683,0.584903065428,0.0176236218894,1.0
12919,0.249108212765,0.161947183437,0.588944603798,2.0
7922,0.581389341116,0.410740677677,0.00786998120664,0.0
8201,0.965044872071,0.0333527062258,0.00160242170273,0.0
13659,0.938275187017,0.0615523991899,0.000172413793103,0.0
2861,0.689082278376,0.250393572525,0.0605241490991,0.0
17883,0.158442760943,0.502063775005,0.339493464052,2.0
17057,0.97914045928,0.0208595407196,0.0,0.0
12316,0.653091522589,0.346683819647,0.00022465776434,0.0
12541,0.649600000723,0.340585231823,0.00981476745429,0.0
363,0.945416432245,0.0279172556916,0.0266663120634,0.0
4166,0.525475205202,0.383884726873,0.090640067925,1.0
8354,0.189273603573,0.391628824901,0.419097571526,0.0
9160,0.251765488223,0.692098320456,0.0561361913213,1.0
1476,0.998105296834,0.00167595440899,0.000218748757109,0.0
8193,0.906166501367,0.0836266020813,0.0102068965517,1.0
12708,0.465842518716,0.481591902442,0.0525655788421,1.0
13410,0.505016960085,0.481123197434,0.0138598424812,0.0
12066,0.980841023808,0.0191589761918,0.0,0.0
8570,0.493952087,0.47926809826,0.0267798147393,0.0
4204,0.755719112625,0.216421944289,0.0278589430862,0.0
18290,0.9940446204,0.0059553796004,0.0,0.0
11441,0.404520868098,0.245225631317,0.350253500586,2.0
17975,0.605136546633,0.306617501972,0.0882459513952,1.0
11262,0.297378736371,0.349182359329,0.353438904299,0.0
3768,0.935399476428,0.0372646462911,0.0273358772808,0.0
11418,0.993604840751,0.00639515924916,0.0,0.0
13813,0.204541443171,0.678413832509,0.11704472432,1.0
1665,0.163066155253,0.723690190303,0.113243654443,1.0
4170,0.930291759754,0.0650180593804,0.00469018086545,0.0
12798,0.997139718249,0.00247684681303,0.000383434938459,0.0
681,0.888235758712,0.0817334644212,0.0300307768668,0.0
319,0.778554374098,0.210091830879,0.0113537950231,0.0
17956,0.9996,0.0004,0.0,0.0
429,0.999162869085,0.000744107658718,9.3023255814e-05,0.0
6663,0.364257021786,0.56023918135,0.075503796864,1.0
10586,0.555089411374,0.443406545262,0.00150404336371,1.0
8583,0.747486872954,0.20166360014,0.0508495269058,0.0
8030,0.845805242956,0.154022343251,0.000172413793103,0.0
5099,0.918429850912,0.08135329085,0.000216858237548,0.0
446,0.507786676822,0.489700362174,0.00251296100422,1.0
5725,0.13396425071,0.719611942254,0.146423807036,1.0
15436,0.343708333333,0.367125,0.289166666667,0.0
6758,0.987041023808,0.0129589761918,0.0,0.0
6449,0.987094155844,0.0129058441558,0.0,0.0
4552,0.0715829290829,0.344036729037,0.58438034188,1.0
17865,0.333210631052,0.0812469580318,0.585542410916,0.0
1645,0.131245829994,0.841370185053,0.027383984953,1.0
1308,0.686868749693,0.312592352433,0.000538897873671,0.0
8781,0.916669060724,0.0833309392756,0.0,1.0
831,0.929489795918,0.0705102040816,0.0,0.0
15145,0.654616051195,0.201905261657,0.143478687148,0.0
17654,0.850870320066,0.14642329862,0.00270638131393,0.0
603,0.939645390071,0.0603546099291,0.0,0.0
5962,0.470711296973,0.529219258583,6.94444444444e-05,0.0
11520,0.531400139924,0.241197810692,0.227402049384,0.0
10341,0.631642243282,0.367931464222,0.000426292495501,0.0
5070,0.222805923647,0.0357581084548,0.741435967898,0.0
1197,0.99639450169,0.00360549830971,0.0,0.0
6187,0.509055183946,0.363847082869,0.127097733185,1.0
733,0.638907019425,0.295140555808,0.0659524247664,0.0
2242,1.0,0.0,0.0,0.0
479,0.538397281377,0.417743078593,0.0438596400297,0.0
12362,0.886728010969,0.113271989031,0.0,0.0
14596,0.642206554453,0.357793445547,0.0,0.0
6801,0.20365248227,0.409972644377,0.386374873354,1.0
4896,0.4857658598,0.491130912461,0.0231032277388,1.0
3287,0.375442398236,0.433062747085,0.191494854679,1.0
8377,0.794541446121,0.205265563954,0.000192989924791,1.0
14233,0.716210698909,0.217637261897,0.0661520391942,0.0
5065,0.785090917072,0.198705162292,0.0162039206359,0.0
6233,0.983403476639,0.0165965233611,0.0,0.0
4160,0.737747148209,0.260997820561,0.00125503122939,0.0
16840,0.96996613974,0.0300338602595,0.0,0.0
18192,0.911301939404,0.0886517642995,4.62962962963e-05,0.0
7711,0.554782630063,0.436869377936,0.0083479920016,0.0
7254,0.293125859134,0.58328431821,0.123589822656,1.0
3214,0.794163681718,0.192962881763,0.0128734365189,0.0
14597,0.789972574325,0.209981129379,4.62962962963e-05,1.0
15086,0.132692358366,0.130208827404,0.737098814229,2.0
8686,0.718317489593,0.280681976315,0.00100053409193,0.0
16989,0.208857142857,0.231142857143,0.56,2.0
420,0.213619872296,0.75495254237,0.031427585334,0.0
16891,0.9988,0.0012,0.0,0.0
8046,0.536217713812,0.403792568224,0.0599897179634,1.0
7484,0.967466175554,0.0318339702218,0.00069985422436,0.0
14880,0.80887652583,0.157804641178,0.033318832992,0.0
16049,0.562736750646,0.318316000783,0.118947248571,0.0
227,0.361957693935,0.0716722484618,0.566370057604,0.0
1387,0.353866282158,0.645909060078,0.00022465776434,0.0
12011,0.991403063134,0.00859693686559,0.0,0.0
6123,0.606891151435,0.338256361606,0.0548524869589,0.0
8935,0.415440236592,0.538762321327,0.0457974420813,0.0
2865,0.979800160532,0.020153543172,4.62962962963e-05,0.0
17241,0.974671821069,0.0213459447146,0.00398223421658,0.0
5237,0.891065234849,0.10635230942,0.00258245573054,0.0
3185,0.792499459328,0.207400599461,9.99412110523e-05,1.0
4691,0.758782006732,0.20158215602,0.039635837248,0.0
8423,0.900749987956,0.0992055675997,4.44444444444e-05,0.0
17894,0.977213702831,0.0194451607241,0.00334113644486,0.0
14642,0.973903846154,0.0260961538462,0.0,0.0
5292,0.968057071445,0.0319429285548,0.0,0.0
3670,0.2468559846,0.737280958684,0.0158630567161,1.0
7301,0.985661446477,0.00448564319948,0.00985291032367,1.0
2105,0.797172636071,0.200677317885,0.00215004604413,0.0
1954,0.939888959689,0.0500072340822,0.0101038062284,0.0
7699,0.763303073013,0.211833658103,0.0248632688846,0.0
15680,0.332115263292,0.519861758979,0.148022977729,1.0
16960,0.979645390071,0.0203546099291,0.0,0.0
2476,0.932625450188,0.0673745498122,0.0,0.0
4646,1.0,0.0,0.0,0.0
4826,0.997821428571,0.00217857142857,0.0,0.0
14595,0.339343501766,0.529961545745,0.13069495249,1.0
12970,0.511806703033,0.47778620406,0.0104070929071,1.0
9353,0.786811769659,0.213075362875,0.000112867466084,0.0
17222,0.980101036307,0.0198545192485,4.44444444444e-05,0.0
10057,0.968057071445,0.0319429285548,0.0,0.0
12864,0.25,0.2525,0.4975,2.0
16999,0.90712166357,0.0693602451311,0.0235180912989,0.0
2692,0.519971892485,0.480028107515,0.0,0.0
14976,0.999162869085,0.000744107658718,9.3023255814e-05,0.0
6847,0.915280809262,0.084719190738,0.0,1.0
15784,0.993755025185,0.00542468687452,0.000820287940529,0.0
8439,0.390307989266,0.606243995954,0.00344801477975,1.0
7067,0.144297640165,0.0893246392425,0.766377720593,0.0
18113,0.455182871225,0.544715907482,0.000101221292978,1.0
17415,0.894872381631,0.102022385419,0.00310523294986,0.0
12978,0.986198062829,0.0135020173637,0.000299919807538,0.0
5459,0.393694554211,0.604684948488,0.00162049730021,0.0
10742,0.335499989602,0.628232208769,0.0362678016291,1.0
497,0.83245723524,0.167349774835,0.000192989924791,0.0
6646,0.961579668156,0.0342004380212,0.00421989382288,0.0
12958,0.191510502864,0.190756868258,0.617732628878,0.0
5394,0.628618918938,0.369432980525,0.00194810053632,0.0
12610,0.330878952385,0.656308538482,0.0128125091335,1.0
5926,0.555203854544,0.430505676322,0.0142904691341,0.0
9713,1.0,0.0,0.0,0.0
7364,0.535087866405,0.463694221095,0.00121791250052,0.0
5311,0.942934228463,0.0568125786886,0.00025319284802,0.0
13337,0.677316945543,0.322241538455,0.000441516001888,0.0
11149,0.978534025605,0.0214659743948,0.0,0.0
6938,0.52151485779,0.468036738677,0.0104484035338,1.0
14109,0.696501875131,0.161596767271,0.141901357598,0.0
16926,0.666859769316,0.333119654552,2.05761316872e-05,0.0
5219,0.995231341416,0.0047686585836,0.0,0.0
14939,0.227517127548,0.68517833689,0.0873045355619,1.0
6492,0.963767561797,0.0359792453553,0.00025319284802,0.0
4107,0.92951842818,0.0699797592329,0.000501812586695,0.0
506,0.274346444979,0.306892321105,0.418761233917,0.0
2435,0.513130459019,0.434731803354,0.0521377376271,1.0
12376,0.567352865074,0.265112648761,0.167534486165,1.0
135,0.996856156539,0.00293694690885,0.000206896551724,0.0
9605,0.992738594676,0.00726140532441,0.0,0.0
13872,0.726339215773,0.264689399392,0.00897138483429,0.0
15057,0.675491337805,0.0628184657749,0.261690196421,0.0
11020,0.4926950348,0.504102835489,0.00320212971021,1.0
3536,0.929292739215,0.0706142375288,9.3023255814e-05,0.0
14249,0.37,0.17,0.46,2.0
3979,0.526909192808,0.472713848082,0.000376959110411,0.0
8293,0.949172714755,0.0506085364879,0.000218748757109,0.0
2987,1.0,0.0,0.0,0.0
2361,0.114190742093,0.134259049687,0.75155020822,2.0
11595,0.411590508232,0.369990194215,0.218419297553,2.0
15473,0.633333333333,0.126666666667,0.24,0.0
8927,0.997411838792,0.00258816120843,0.0,0.0
7128,0.319573013974,0.102447916667,0.577979069359,1.0
5580,0.892708554537,0.0774501556092,0.0298412898541,0.0
2302,0.732148438608,0.18531551168,0.0825360497117,0.0
3332,0.993650020737,0.00634997926302,0.0,0.0
15011,0.244050748835,0.748765905845,0.00718334532013,1.0
3262,0.209011609344,0.54764506249,0.243343328166,0.0
8459,0.0884927090453,0.0340969848865,0.877410306068,0.0
3303,0.440197979988,0.548814673714,0.0109873462985,0.0
7207,1.0,0.0,0.0,0.0
2560,0.99,0.01,0.0,0.0
5935,0.991403063134,0.00859693686559,0.0,0.0
17817,0.750121882142,0.24820390297,0.00167421488806,0.0
6081,0.547666641508,0.411579081863,0.0407542766296,0.0
1244,0.486144296998,0.513835126871,2.05761316872e-05,1.0
784,0.931415526946,0.0685844730537,0.0,0.0
5703,0.243527584004,0.301581891892,0.454890524105,2.0
4848,0.512510960594,0.367207704153,0.120281335253,0.0
5634,0.21336224502,0.72639955474,0.0602382002396,1.0
16696,0.959292739215,0.0406142375288,9.3023255814e-05,0.0
12619,0.962990647484,0.0367906037588,0.000218748757109,0.0
15671,0.341318702077,0.658660721791,2.05761316872e-05,1.0
12676,0.868870979701,0.130924938666,0.000204081632653,0.0
18093,0.559971017618,0.42447238389,0.015556598492,1.0
11855,0.400699810353,0.560605601519,0.0386945881278,1.0
1456,0.802028405809,0.163528781149,0.0344428130427,0.0
17460,0.0844986690328,0.418345164153,0.497156166815,1.0
12099,0.730754507994,0.240845825481,0.028399666525,0.0
274,0.992738594676,0.00726140532441,0.0,0.0
105,0.517151378756,0.482531672146,0.000316949098737,1.0
13301,0.553922276164,0.420045000858,0.0260327229781,0.0
12782,0.651458907539,0.34127055677,0.00727053569091,2.0
8928,0.55383900949,0.445844041411,0.000316949098737,0.0
11604,0.760819258314,0.236303203988,0.00287753769775,0.0
16445,0.899674067706,0.0793165855044,0.0210093467894,0.0
16694,0.233884755663,0.730535290365,0.0355799539715,1.0
646,0.936969581073,0.0630304189267,0.0,0.0
11171,0.521194731071,0.241708097213,0.237097171716,0.0
18228,0.124439459245,0.220915003891,0.654645536863,2.0
1104,0.437265033616,0.285756253771,0.276978712613,1.0
16966,0.351845594533,0.646736621583,0.00141778388365,0.0
16874,0.85914798702,0.0904157066935,0.0504363062865,0.0
18127,0.517676438476,0.467322757928,0.0150008035956,1.0
1205,0.9988,0.0012,0.0,0.0
3172,1.0,0.0,0.0,0.0
18535,0.846717230497,0.153282769503,0.0,0.0
8729,0.345286756464,0.432133836511,0.222579407026,1.0
3384,0.818046529609,0.134439206677,0.0475142637141,0.0
7640,0.532461628307,0.38454313233,0.082995239363,0.0
7007,0.993002672306,0.00695103139806,4.62962962963e-05,0.0
11469,0.841415440181,0.158329810718,0.000254749100709,0.0
16837,0.580064028561,0.376658180247,0.0432777911917,1.0
17237,0.903762602614,0.0722378912957,0.0239995060901,0.0
19,0.451284822003,0.429762778279,0.118952399718,1.0
14290,0.955878708157,0.0432660350323,0.000855256810927,0.0
6761,0.677548968807,0.321158395703,0.00129263548999,0.0
15850,0.882178270292,0.117821729708,0.0,0.0
16249,0.964323200993,0.0356767990074,0.0,0.0
11170,0.989172714755,0.0106085364879,0.000218748757109,0.0
9380,0.383879621115,0.592428102678,0.0236922762066,1.0
1790,0.191255365771,0.807985923297,0.000758710931918,0.0
14735,0.293098742178,0.0741490561794,0.632752201643,2.0
14241,0.381934103077,0.569075751646,0.0489901452772,1.0
5689,0.993222518252,0.00677748174833,0.0,0.0
14799,0.786385271327,0.201207363002,0.0124073656711,1.0
15037,0.895798358524,0.100801306907,0.00340033456879,0.0
17745,0.971117055293,0.0241304024965,0.00475254221037,1.0
874,0.0595175438596,0.0172222222222,0.923260233918,2.0
11724,0.843026245,0.149703219309,0.00727053569091,0.0
12109,0.730852098208,0.247113222399,0.0220346793924,0.0
2589,0.452419501718,0.361630363325,0.185950134957,1.0
1619,0.372546076345,0.595641552261,0.0318123713943,0.0
9224,0.678918023315,0.278968486805,0.0421134898803,0.0
6197,0.737102329436,0.238874863291,0.0240228072736,0.0
6643,0.411650671709,0.492993891161,0.0953554371299,1.0
14544,0.747219130535,0.250198413735,0.00258245573054,1.0
14337,0.84728897427,0.149833488032,0.00287753769775,0.0
16159,0.980461843544,0.0195381564564,0.0,0.0
12623,0.95911710091,0.040664150333,0.000218748757109,0.0
11193,0.387793485526,0.486932986539,0.125273527935,1.0
10700,0.870285549579,0.129714450421,0.0,0.0
1264,0.635682814386,0.213455658838,0.150861526776,0.0
18386,0.989329799318,0.0106702006816,0.0,0.0
5364,0.99,0.01,0.0,0.0
16123,0.350599004641,0.642946337904,0.00645465745422,0.0
6111,0.103232237189,0.796566368951,0.10020139386,1.0
7607,0.101935440467,0.285160319878,0.612904239655,2.0
14830,0.274282385188,0.716638146406,0.0090794684065,1.0
12961,0.794732822877,0.141292857634,0.063974319489,2.0
16230,0.473326999371,0.0511153840948,0.475557616535,0.0
8174,0.411052635652,0.558894873419,0.0300524909293,1.0
15369,0.367015250067,0.616008728542,0.0169760213912,0.0
4558,0.98,0.02,0.0,0.0
12259,0.882112639753,0.117041433054,0.000845927193105,0.0
14532,0.587373296965,0.314664822092,0.0979618809432,0.0
6004,0.997462915601,0.00253708439898,0.0,0.0
12646,0.86827415538,0.131645199458,8.06451612903e-05,0.0
8685,0.966466153129,0.0335338468712,0.0,0.0
11183,0.510546241033,0.421875996507,0.0675777624604,0.0
8953,0.389682571925,0.610296851943,2.05761316872e-05,1.0
17491,0.770612671653,0.214527899713,0.0148594286339,0.0
13130,0.98,0.02,0.0,0.0
14740,0.982393104096,0.0155945001143,0.00201239578967,0.0
532,0.813002672306,0.186951031398,4.62962962963e-05,0.0
13907,0.816861936133,0.169248238764,0.0138898251039,1.0
18363,0.286628425758,0.495698335306,0.217673238936,1.0
10422,0.985250280143,0.0121630878721,0.00258663198517,0.0
6041,0.384114359747,0.0133164779602,0.602569162293,0.0
8590,0.18,0.35,0.47,2.0
17319,0.985719620514,0.0142803794864,0.0,0.0
14844,0.526153800906,0.438284016821,0.0355621822723,1.0
6719,0.124125941624,0.23348975787,0.642384300506,2.0
417,0.372986913431,0.614956007039,0.0120570795294,1.0
16552,0.382375149009,0.576665259975,0.0409595910155,1.0
2145,0.99645069168,0.0035493083196,0.0,0.0
13169,0.627466932257,0.371278036514,0.00125503122939,0.0
15657,0.778035896144,0.221883458695,8.06451612903e-05,0.0
17361,0.995822530705,0.00417746929526,0.0,0.0
17844,0.9988,0.0012,0.0,0.0
16368,1.0,0.0,0.0,0.0
4652,0.985661446477,0.00448564319948,0.00985291032367,0.0
4238,0.0576540388721,0.887476310148,0.0548696509803,0.0
7490,0.2416701563,0.137957594431,0.620372249269,2.0
8847,0.996125310021,0.00255980478273,0.00131488519606,0.0
11995,0.315043537106,0.372235034112,0.312721428782,0.0
7139,0.924850810349,0.0751047452062,4.44444444444e-05,0.0
6002,0.999034145397,0.000965854603214,0.0,0.0
14402,0.61896260847,0.265195975183,0.115841416347,0.0
14409,0.989162869085,0.0107441076587,9.3023255814e-05,0.0
1098,0.97397676741,0.0257700397419,0.00025319284802,0.0
12774,0.680196290248,0.318046554713,0.00175715503881,1.0
5249,0.10626157305,0.054830495356,0.838907931594,2.0
1382,0.0559755027121,0.587248013544,0.356776483744,2.0
15226,0.554477033267,0.444267935504,0.00125503122939,1.0
94,0.357429417513,0.581419507966,0.061151074521,2.0
9591,0.982990647484,0.0167906037588,0.000218748757109,0.0
11886,0.636584978362,0.316830913107,0.0465841085316,0.0
1621,0.387111540494,0.597331861014,0.015556598492,1.0
810,0.33637660394,0.662878138934,0.000745257126348,0.0
8536,0.289132941424,0.710642400811,0.00022465776434,1.0
3169,0.785633999864,0.214321555692,4.44444444444e-05,1.0
6788,0.343821289278,0.0956088997878,0.560569810934,2.0
3111,0.467419501718,0.348759992955,0.183820505327,0.0
4080,0.750348085605,0.247703813859,0.00194810053632,1.0
18193,0.545270125002,0.454729874998,0.0,1.0
16218,0.149843724202,0.515787994963,0.334368280835,1.0
4246,0.987985324498,0.0119108692736,0.000103806228374,0.0
14125,0.551183966847,0.37104008339,0.0777759497637,0.0
821,0.152058762145,0.603473910969,0.244467326886,1.0
13006,0.998105296834,0.00167595440899,0.000218748757109,0.0
18173,0.752422613292,0.24469984901,0.00287753769775,0.0
11276,0.275661568307,0.504101190011,0.220237241682,0.0
10371,0.999285714286,0.000714285714286,0.0,0.0
9261,1.0,0.0,0.0,0.0
18297,0.801735457632,0.181199442634,0.0170650997344,0.0
912,0.435880477047,0.519587048669,0.0445324742843,1.0
7579,0.563717498769,0.407679307275,0.0286031939557,1.0
10263,0.638495501527,0.361504498473,0.0,1.0
18391,0.736657499144,0.196370375643,0.066972125213,0.0
16015,0.774936929772,0.20875790604,0.0163051641882,1.0
17938,0.989821428571,0.0101785714286,0.0,0.0
2894,0.565730927877,0.368755544467,0.0655135276566,0.0
6648,0.969969938591,0.0258159945863,0.00421406682297,0.0
11137,0.290758306813,0.369024267732,0.340217425455,2.0
17054,1.0,0.0,0.0,0.0
6495,0.679037928947,0.307758285163,0.0132037858893,0.0
10070,0.979462915601,0.020537084399,0.0,0.0
11029,0.47882109181,0.512711417626,0.00846749056342,1.0
16043,0.99622215688,0.00377784312043,0.0,0.0
12529,0.425792974978,0.449725609027,0.124481415995,0.0
9536,0.835594133889,0.164233452318,0.000172413793103,1.0
5281,0.916361273122,0.0803269885389,0.0033117383387,0.0
14815,0.304579891692,0.687752771268,0.00766733704036,0.0
11651,0.542185356183,0.457542139163,0.000272504654292,1.0
6697,0.930806898017,0.0615555887755,0.00763751320799,0.0
488,0.96911710091,0.030664150333,0.000218748757109,0.0
9228,0.93272111617,0.0660122171634,0.00126666666667,1.0
6298,0.636736510434,0.0121627664756,0.35110072309,2.0
12674,0.526353833486,0.473475500776,0.000170665737422,0.0
18262,0.957731565804,0.0411742414155,0.0010941927808,0.0
3569,0.566085089803,0.346146089907,0.08776882029,1.0
17870,0.927459983758,0.0723359346092,0.000204081632653,0.0
2074,0.997334830774,0.00266516922553,0.0,0.0
16700,0.147923534799,0.0435761217949,0.808500343407,2.0
8286,0.983929792428,0.0160702075716,0.0,1.0
6739,0.385601087277,0.612811789618,0.00158712310511,0.0
13417,0.711533397687,0.253881797864,0.0345848044491,0.0
12365,0.658842743838,0.267788445576,0.0733688105856,0.0
6966,0.373062777956,0.601956595762,0.0249806262826,1.0
6572,0.453636769978,0.545632980024,0.000730249998235,0.0
8558,0.747289560679,0.22508786669,0.027622572631,0.0
11860,0.884546295262,0.114765879886,0.000687824852168,0.0
15193,0.889949684378,0.100920773742,0.00912954188039,0.0
17502,0.989292739215,0.0106142375288,9.3023255814e-05,0.0
13120,0.578867549941,0.412313268854,0.00881918120556,0.0
17275,0.695740466049,0.296771523118,0.00748801083244,1.0
16879,0.990086832672,0.00986687103188,4.62962962963e-05,0.0
18392,0.72079910632,0.27920089368,0.0,1.0
11333,0.669799969248,0.330179454621,2.05761316872e-05,0.0
16107,0.796717969674,0.161520926098,0.0417611042279,0.0
2054,0.936593618809,0.0634063811909,0.0,0.0
6395,0.766761450551,0.233045559524,0.000192989924791,0.0
14049,0.819710171302,0.180085747065,0.000204081632653,0.0
10894,0.83842771683,0.16157228317,0.0,0.0
6591,0.540546277726,0.429485387069,0.0299683352053,1.0
11403,0.994006446972,0.00410502442097,0.00188852860691,0.0
18213,0.969536239958,0.0302105671944,0.00025319284802,0.0
1691,0.99,0.01,0.0,0.0
13032,0.981918387133,0.018035316571,4.62962962963e-05,0.0
13322,0.938074786157,0.0355277344259,0.0263974794173,0.0
1974,0.97647440322,0.020184460335,0.00334113644486,0.0
8387,0.993028361473,0.00675288976953,0.000218748757109,0.0
9942,0.994866254674,0.00513374532614,0.0,0.0
9577,0.465838106393,0.480377767926,0.0537841256812,0.0
5904,0.98,0.02,0.0,0.0
7456,0.937470046964,0.0614117955713,0.00111815746432,0.0
14265,0.642790551729,0.348204026763,0.0090054215077,0.0
17219,0.954766251728,0.0452337482724,0.0,0.0
1086,0.615777620858,0.330225784199,0.0539965949436,0.0
17788,0.574332227302,0.425602752121,6.50205761317e-05,0.0
5336,0.99851122449,0.0014887755102,0.0,0.0
1314,0.422741128417,0.20351951629,0.373739355293,0.0
7208,0.985661446477,0.00448564319948,0.00985291032367,0.0
10998,0.786294045032,0.171193564771,0.0425123901977,0.0
2143,0.700612724868,0.274775180263,0.0246120948691,0.0
1164,0.45212962963,0.195925925926,0.351944444444,2.0
6471,0.403333333333,0.396666666667,0.2,2.0
9099,0.975685172794,0.0239313922676,0.000383434938459,0.0
13296,0.269991708635,0.674834404142,0.0551738872233,1.0
978,0.426434802352,0.566721456989,0.00684374065923,1.0
3645,0.515669378503,0.484138388952,0.000192232545449,0.0
4802,0.686716280766,0.313114333578,0.000169385655497,1.0
10027,0.216524224817,0.186456887793,0.59701888739,1.0
1022,0.388005454658,0.22059181974,0.391402725601,2.0
11848,0.65,0.25,0.1,0.0
15419,0.990283825866,0.00949742537677,0.000218748757109,0.0
3058,0.610320512916,0.389510101428,0.000169385655497,0.0
7001,0.393798969256,0.0663352278461,0.539865802898,2.0
8160,0.0863753663959,0.189817966745,0.723806666859,0.0
14414,0.08225,0.219666666667,0.698083333333,2.0
8415,0.864834676734,0.130332606141,0.00483271712495,1.0
12471,0.742240112603,0.256075208326,0.00168467907154,0.0
11077,0.810800093534,0.189199906466,0.0,0.0
7847,0.851504959767,0.14213962085,0.00635541938335,0.0
6851,0.99,0.01,0.0,0.0
4852,0.71224913361,0.204707447851,0.0830434185394,0.0
3982,0.875479171344,0.123268551774,0.0012522768826,0.0
8727,0.554894826919,0.132630064045,0.312475109036,0.0
10683,0.924850810349,0.0751047452062,4.44444444444e-05,0.0
9412,0.700457300857,0.299542699143,0.0,1.0
6288,0.189369330922,0.800242988983,0.0103876800957,1.0
18012,0.971258616497,0.0282417600131,0.000499623490156,0.0
6261,0.978270253363,0.0217297466375,0.0,0.0
8481,0.565051484251,0.383649891093,0.0512986246558,1.0
7926,0.97,0.03,0.0,0.0
8789,0.226411965743,0.132282091146,0.641305943111,2.0
2542,0.484197244062,0.501112397858,0.01469035808,1.0
3571,0.393440770915,0.230293145552,0.376266083533,1.0
5602,0.910398116025,0.0818915576803,0.00771032629521,0.0
570,0.17360002605,0.820384837956,0.00601513599405,0.0
18452,0.969,0.031,0.0,0.0
10478,0.244387432012,0.199276903652,0.556335664336,2.0
9793,0.996466011378,0.00353398862158,0.0,0.0
7516,0.575900432252,0.423340856816,0.000758710931918,1.0
15506,0.134351851852,0.417037037037,0.448611111111,0.0
4969,0.849611479459,0.12696749594,0.0234210246013,0.0
11738,0.473370673879,0.323817411216,0.202811914905,1.0
9037,0.912484473554,0.0875155264459,0.0,0.0
2180,0.523970325614,0.442912928272,0.0331167461142,1.0
4831,0.660099302042,0.296873372558,0.0430273253995,0.0
4524,0.662640999967,0.290522542889,0.0468364571435,0.0
897,0.988178188966,0.0118218110336,0.0,0.0
11590,0.800210286017,0.197004481033,0.00278523294986,0.0
16275,0.103245923323,0.0861736425339,0.810580434143,2.0
6421,0.61596219965,0.255096459211,0.128941341139,0.0
12977,0.930957250801,0.0690221730678,2.05761316872e-05,0.0
10389,0.988884344172,0.0111156558275,0.0,0.0
716,0.32344913897,0.510276780248,0.166274080782,2.0
3821,0.966209278851,0.0321882994461,0.00160242170273,0.0
9584,0.901571714804,0.0982242035635,0.000204081632653,0.0
18110,0.274663680534,0.473195663445,0.252140656021,2.0
2184,0.365765993266,0.248653198653,0.385580808081,0.0
4253,0.85682485092,0.0223748880955,0.120800260985,0.0
149,0.937034927727,0.0629650722729,0.0,0.0
18163,0.992077429633,0.00792257036667,0.0,0.0
17847,0.943913186553,0.0560868134469,0.0,0.0
14558,0.329444553462,0.124488732993,0.546066713544,1.0
16573,0.934779986049,0.060131865398,0.00508814855345,0.0
18039,0.59052545156,0.385882594417,0.023591954023,1.0
1428,0.576307312026,0.342701645462,0.0809910425123,1.0
13919,0.95699673544,0.0350740903405,0.00792917421973,0.0
5775,0.251292626728,0.478756249127,0.269951124145,1.0
12068,0.652091608804,0.329682874382,0.0182255168144,0.0
2596,0.960490253768,0.039509746232,0.0,0.0
15036,0.378704304802,0.33772971948,0.283565975718,0.0
13999,0.831736537058,0.161066187932,0.00719727500917,0.0
3182,0.953084119672,0.0469158803282,0.0,0.0
18498,0.12562098702,0.687797219816,0.186581793164,0.0
2860,0.154304471574,0.732932234564,0.112763293862,1.0
6724,0.952964159286,0.039377832398,0.00765800831645,0.0
5413,0.117592105263,0.219315789474,0.663092105263,2.0
1716,0.108776775983,0.270045244651,0.621177979366,1.0
1699,0.98,0.02,0.0,0.0
7576,0.411436310474,0.576370918278,0.0121927712476,0.0
14634,0.847567844061,0.152239166014,0.000192989924791,1.0
11523,0.990283825866,0.00949742537677,0.000218748757109,0.0
18341,0.99146768523,0.00813231477047,0.0004,0.0
16010,0.999162869085,0.000744107658718,9.3023255814e-05,0.0
12862,0.195430453612,0.475243611025,0.329325935363,1.0
1492,0.874795700123,0.118050258841,0.00715404103592,0.0
12573,0.932718162543,0.058945833124,0.00833600433323,0.0
9422,1.0,0.0,0.0,0.0
9444,0.997139718249,0.00247684681303,0.000383434938459,0.0
1646,0.262379165144,0.728541672414,0.00907916244192,0.0
1447,0.625242136444,0.32724471653,0.0475131470254,1.0
14855,0.451254374447,0.548745625553,0.0,0.0
8602,0.997594155844,0.00240584415584,0.0,0.0
6700,0.982077429633,0.0179225703667,0.0,0.0
