id,predict_0,predict_1,predict_2,real
14121,0.982219391774,0.0177540830274,2.6525198939e-05,1.0
9320,0.979931312538,0.0193827419734,0.000685945488794,0.0
14394,0.558027898515,0.440629163698,0.00134293778707,1.0
8218,0.396667509696,0.393658881663,0.209673608641,1.0
14804,0.508097617321,0.448233404884,0.0436689777959,0.0
1080,0.608565816226,0.257817555123,0.133616628651,0.0
9731,0.9163737057,0.0797472590619,0.00387903523819,0.0
15505,0.964890867121,0.0351091328787,0.0,0.0
3443,0.507071974692,0.49271993304,0.000208092267969,1.0
13300,0.548717074484,0.273532365964,0.177750559553,1.0
8976,0.400332645771,0.523443624412,0.0762237298169,1.0
7965,0.778098982072,0.221443492553,0.000457525374545,0.0
10342,0.535394729942,0.415071448134,0.0495338219238,0.0
6741,0.268146309118,0.683721422799,0.0481322680833,1.0
7187,0.617759122814,0.313782174832,0.068458702354,0.0
16780,0.594181958959,0.403372069899,0.00244597114149,0.0
14195,0.722827325759,0.277008896551,0.000163777690563,0.0
14025,0.769833749005,0.168810701641,0.0613555493541,0.0
8548,0.568294019817,0.383685994228,0.0480199859546,1.0
9566,0.91724438302,0.0615324827259,0.021223134254,0.0
15652,0.550121842693,0.131697850022,0.318180307284,0.0
3931,0.476129910062,0.470213035872,0.0536570540661,0.0
4557,0.957947452711,0.036921467986,0.0051310793029,0.0
3610,0.980743439204,0.0189687705999,0.000287790196166,0.0
16574,0.8727795082,0.114935149036,0.0122853427635,0.0
7504,0.215653028836,0.769323043984,0.0150239271804,1.0
9735,0.911577417852,0.07962353043,0.0087990517176,0.0
14048,0.587816431467,0.384675304957,0.0275082635763,1.0
6769,0.641287531551,0.314145187518,0.0445672809312,0.0
2514,0.825632185634,0.131975260562,0.0423925538032,0.0
896,0.689025690497,0.270471539576,0.0405027699271,0.0
4757,0.985805763278,0.0141942367219,0.0,0.0
16358,0.760721896813,0.234690397939,0.00458770524796,1.0
11810,0.80530744998,0.194618658394,7.38916256158e-05,0.0
7274,0.401361679402,0.547331755852,0.0513065647457,1.0
2972,0.910510313813,0.0881932902358,0.0012963959512,0.0
7392,0.870769363888,0.129230636112,0.0,0.0
6824,0.971377021947,0.027372620808,0.00125035724531,0.0
4311,0.449632719171,0.103811745384,0.446555535445,2.0
12261,0.56441664431,0.282912817415,0.152670538276,2.0
14752,0.674940975086,0.258746720396,0.066312304518,0.0
14992,0.211654484058,0.773636143101,0.0147093728413,2.0
967,0.629822737122,0.177633687988,0.19254357489,2.0
8059,0.901284503382,0.0906953372039,0.00802015941376,0.0
13406,0.66774070716,0.296094193881,0.0361650989586,0.0
11424,0.993071377513,0.00671310524553,0.000215517241379,0.0
3945,0.0951103680134,0.15053312592,0.754356506067,2.0
10351,0.328149088839,0.343526199305,0.328324711856,2.0
2272,0.86662212882,0.13337787118,0.0,0.0
10752,0.694231566483,0.305563598592,0.000204834925895,1.0
17096,0.0849276934499,0.177871942133,0.737200364417,2.0
17314,0.310505404211,0.193665605806,0.495828989983,2.0
12770,0.266530947125,0.534445001116,0.19902405176,1.0
3304,0.526469571267,0.140025202559,0.333505226174,1.0
9012,0.832406582531,0.160643104465,0.0069503130038,0.0
9928,0.345649536339,0.0331079147815,0.621242548879,2.0
297,0.513825248122,0.343110323578,0.143064428299,2.0
5751,0.816045095664,0.183954904336,0.0,0.0
17692,0.414972020781,0.58148130987,0.0035466693488,1.0
3688,0.904986429831,0.0945180508043,0.000495519364495,0.0
3425,0.25267416766,0.594607363808,0.152718468532,1.0
7871,0.314169858418,0.445484012414,0.240346129168,1.0
10013,0.725329320953,0.271137933981,0.00353274506532,0.0
13832,0.0750079593822,0.861511418799,0.0634806218187,1.0
11743,0.333037797547,0.260847601693,0.406114600759,1.0
10099,0.577476044901,0.330656485529,0.0918674695704,1.0
16682,0.0861012613073,0.888537574893,0.0253611637993,1.0
10156,0.841964592581,0.157932285029,0.000103122389307,1.0
16154,0.687674954908,0.306078721632,0.00624632345984,0.0
14176,0.528270134034,0.468808138275,0.00292172769169,1.0
14964,0.178948408463,0.259775313101,0.561276278437,2.0
12896,0.119063068967,0.439783131366,0.441153799667,2.0
7288,0.253730060213,0.0730236021871,0.6732463376,2.0
15882,0.757108891409,0.171080255087,0.0718108535034,0.0
12441,0.474358643961,0.344017933257,0.181623422782,1.0
17248,0.497674994413,0.498258810028,0.00406619555829,0.0
16745,0.843854113544,0.13570306317,0.0204428232861,0.0
5315,0.563113907235,0.306503538952,0.130382553814,0.0
17118,0.373395159534,0.600672865505,0.0259319749611,1.0
7725,0.940819219532,0.0553196216885,0.0038611587796,0.0
2311,0.65163858213,0.328678439536,0.0196829783342,0.0
4292,0.866687239965,0.115242167452,0.0180705925834,0.0
15773,0.977158773645,0.0226941675315,0.000147058823529,0.0
6531,0.969555763278,0.0304442367219,0.0,0.0
16009,0.6979308676,0.287928275782,0.0141408566187,0.0
11930,0.960431302002,0.0394216391749,0.000147058823529,0.0
8541,0.969345775736,0.0306276990652,2.6525198939e-05,0.0
11019,0.654882626165,0.312332448788,0.0327849250467,0.0
8274,0.915473227521,0.084424731663,0.000102040816327,0.0
722,0.598857238865,0.372061151228,0.0290816099064,0.0
12305,0.582844616267,0.415878671111,0.00127671262151,1.0
11444,0.649795287,0.308707944681,0.041496768319,1.0
4006,0.503043163093,0.389904932855,0.107051904053,1.0
9231,0.461611216917,0.495316357092,0.0430724259912,1.0
6821,0.952146220902,0.0476167275836,0.000237051514728,0.0
12888,0.521623793883,0.477507199418,0.000869006698631,0.0
6779,0.569963508189,0.429712522052,0.000323969759316,0.0
11232,0.528931408235,0.469905967471,0.00116262429387,0.0
11685,0.119441251243,0.528285060178,0.35227368858,2.0
1318,0.426927830448,0.538223914747,0.034848254805,1.0
909,0.71411834981,0.273383743418,0.0124979067717,1.0
18511,0.568526273181,0.420888612605,0.0105851142138,1.0
16460,0.979633402331,0.0203665976686,0.0,0.0
12008,0.982993584181,0.0169798906199,2.6525198939e-05,0.0
6811,0.999807976366,0.000192023633678,0.0,0.0
16071,0.692875602907,0.206328791522,0.100795605571,0.0
4486,0.602973881033,0.328376129472,0.0686499894953,0.0
183,0.467026530916,0.518876609666,0.0140968594181,1.0
5729,0.970723170423,0.0282414548417,0.00103537473491,0.0
15368,0.517503492295,0.378349450331,0.104147057374,0.0
5064,0.641729400879,0.221996102897,0.136274496224,0.0
11530,0.948481009452,0.0514736390744,4.53514739229e-05,0.0
14860,0.561278339008,0.411922240754,0.0267994202387,0.0
13166,0.958855015811,0.0376798650131,0.00346511917564,0.0
14528,0.850844744864,0.149155255136,0.0,0.0
4202,0.49282657502,0.422400871698,0.0847725532823,1.0
3916,0.246351779204,0.586253823862,0.167394396934,1.0
11454,0.817132933636,0.178508636471,0.00435842989298,1.0
12297,0.810543646406,0.146015752014,0.0434406015798,0.0
553,0.193123070487,0.0845851810673,0.722291748446,0.0
10390,0.318671091315,0.42948620462,0.251842704066,1.0
5056,0.910609928952,0.0893454281913,4.46428571429e-05,0.0
10503,0.648839352443,0.351042113074,0.000118534482759,0.0
1835,0.490062350762,0.480830842881,0.0291068063566,1.0
10085,0.999555763278,0.000444236721934,0.0,0.0
13807,0.551342811783,0.308998601902,0.139658586315,0.0
11318,0.999544818472,0.000455181528415,0.0,0.0
533,0.980743439204,0.0189687705999,0.000287790196166,0.0
10538,0.704576861754,0.23307470004,0.0623484382055,1.0
11549,0.875849666186,0.113882737309,0.0102675965053,0.0
16900,0.945337783526,0.0480159731078,0.00664624336661,0.0
599,0.871000462144,0.119631675157,0.0093678626987,0.0
11700,0.409758359791,0.53681861882,0.0534230213885,0.0
18331,0.854860375321,0.131355433094,0.0137841915846,0.0
5381,0.214103117444,0.163639644552,0.622257238004,2.0
13638,0.755230996122,0.165446808127,0.0793221957514,0.0
2703,0.923566017118,0.0526863289408,0.023747653941,0.0
13686,0.204646125676,0.226009736941,0.569344137383,0.0
6240,0.109288261311,0.174029411821,0.716682326868,2.0
8546,0.0971718931156,0.105741967492,0.797086139393,0.0
4578,0.530004042368,0.462399541938,0.00759641569377,0.0
15870,0.233002284489,0.295147991712,0.471849723799,0.0
17084,0.951151501447,0.0466804885266,0.00216801002667,0.0
4114,0.482163852063,0.443568250806,0.0742678971312,0.0
8011,0.839189298467,0.0481785306891,0.112632170843,0.0
6588,0.983586217458,0.0164137825423,0.0,0.0
12490,0.687532856105,0.217319871746,0.0951472721483,2.0
3975,0.988978840201,0.0110211597989,0.0,0.0
4720,0.819373856029,0.180552252345,7.38916256158e-05,0.0
15209,0.822013143092,0.153343218957,0.0246436379509,0.0
6092,0.729876152528,0.245877839673,0.024246007799,1.0
9426,0.491435698838,0.110928283775,0.397636017386,0.0
2307,0.991136239498,0.00883723530293,2.6525198939e-05,0.0
13291,0.438692401294,0.546629582679,0.0146780160271,0.0
17245,0.446963246499,0.539333174042,0.013703579459,1.0
11726,0.992883974972,0.00487701383421,0.0022390111937,0.0
15486,0.477239544275,0.38224585628,0.140514599445,0.0
9033,0.621960723993,0.333366642149,0.0446726338574,2.0
9959,0.309993708812,0.551795255503,0.138211035685,0.0
3798,0.989555763278,0.0104442367219,0.0,0.0
15624,0.284858898454,0.457603210432,0.257537891114,1.0
5995,0.887924572029,0.112075427971,0.0,0.0
9644,0.578221217583,0.392959550582,0.028819231835,0.0
10779,0.97910106093,0.0208989390704,0.0,0.0
9734,0.673565380962,0.326315484204,0.000119134833421,1.0
14954,0.565021342973,0.303613056258,0.131365600769,1.0
15493,0.838262435738,0.155879184576,0.00585837968574,0.0
6222,0.285407751932,0.691340172517,0.023252075551,1.0
17390,0.559352105716,0.438513562076,0.00213433220704,1.0
6826,0.302441960171,0.673502199843,0.0240558399858,1.0
8611,0.263821244514,0.339788876645,0.396389878841,2.0
9087,0.867216314562,0.109960690382,0.0228229950563,0.0
17472,0.302663344897,0.627186658224,0.070149996879,1.0
12760,0.797698864121,0.202227244253,7.38916256158e-05,0.0
4963,0.253160706953,0.18442027807,0.562419014977,2.0
6225,0.192510753968,0.382628888889,0.424860357143,1.0
7959,0.704419846453,0.27714751082,0.0184326427265,0.0
1773,0.535054216392,0.446221152638,0.0187246309701,1.0
6136,0.92312654321,0.0768734567901,0.0,1.0
5965,0.354384090086,0.60144394234,0.044171967574,1.0
5390,0.737769182642,0.262083758535,0.000147058823529,0.0
13663,0.347942115604,0.262284342635,0.389773541761,2.0
4501,0.830069147631,0.163152654916,0.00677819745286,0.0
13442,0.224189614106,0.632480028162,0.143330357732,1.0
6958,0.894707704577,0.0878219429114,0.0174703525113,0.0
16339,0.36978902098,0.594867477974,0.0353435010457,0.0
9372,0.621276525306,0.181485509063,0.197237965632,0.0
5576,0.405325673586,0.579723744376,0.0149505820378,1.0
663,0.0990204040404,0.123844617605,0.777134978355,0.0
1473,0.439623480478,0.502376007217,0.0580005123046,1.0
949,0.476482160643,0.435574306264,0.0879435330932,0.0
10513,0.29993464115,0.572825956571,0.127239402279,0.0
14289,0.549451406437,0.397829976788,0.0527186167747,1.0
15260,0.904504199259,0.0938498790676,0.00164592167325,0.0
9812,0.747558783668,0.217731358483,0.0347098578498,0.0
4916,0.225019782861,0.227828737655,0.547151479483,2.0
17515,0.66628838535,0.254486973124,0.0792246415258,2.0
17388,0.916956491301,0.0829242655994,0.000119243099539,0.0
4450,0.95726844261,0.0363517955653,0.00637976182494,0.0
16258,0.906769990553,0.0669605476754,0.0262694617718,0.0
10528,0.420367826126,0.577860102293,0.00177207158126,0.0
4003,0.803085234191,0.196914765809,0.0,1.0
3954,0.528718853546,0.4699382974,0.00134284905345,1.0
13945,0.525151204019,0.445012339935,0.0298364560462,1.0
15607,0.643280157193,0.346113055745,0.0106067870619,0.0
11897,0.312349862713,0.263811452683,0.423838684603,0.0
12609,0.929704326859,0.0491793892235,0.0211162839171,0.0
10122,0.99,0.01,0.0,0.0
7886,0.956784330984,0.0428613858176,0.000354283198447,0.0
15771,0.932581616917,0.0493464495122,0.018071933571,0.0
17681,0.415076221609,0.526302765427,0.0586210129639,0.0
15863,0.506333025763,0.361711795119,0.131955179118,2.0
17690,0.179811860255,0.3557882652,0.464399874545,1.0
8606,0.988976053133,0.0110239468669,0.0,0.0
11362,0.638482647725,0.361058881739,0.0004584705364,0.0
4604,0.565404294463,0.299547717818,0.135047987719,0.0
5480,0.957462297354,0.042537702646,0.0,0.0
12277,0.472075757576,0.121590909091,0.406333333333,2.0
1400,0.869183057571,0.13050172344,0.00031521898883,0.0
6687,0.978655872343,0.0205151286952,0.000828998962057,0.0
11153,0.884147299734,0.0993028468971,0.0165498533687,0.0
8313,0.0666235108458,0.0877633919547,0.8456130972,2.0
5787,0.783169557978,0.216372916648,0.000457525374545,0.0
741,0.494276228516,0.457072419741,0.0486513517435,0.0
16502,0.945186559112,0.0403186929165,0.0144947479719,0.0
4036,0.311207411325,0.461928622943,0.226863965732,0.0
5029,0.832406582531,0.160643104465,0.0069503130038,0.0
18158,0.200124879806,0.331193561665,0.468681558529,1.0
18441,0.977837793605,0.0221356811963,2.6525198939e-05,0.0
4268,0.922627188646,0.0769477282234,0.000425083130938,0.0
4092,0.356190131953,0.26847634082,0.375333527227,0.0
16819,0.953081489967,0.0464728507701,0.000445659262625,0.0
7774,0.194683643823,0.321738913966,0.483577442211,2.0
5824,0.6927526176,0.227023074457,0.0802243079433,0.0
7295,0.52086117507,0.301997763449,0.177141061481,1.0
18146,0.70937400177,0.215378953378,0.0752470448519,0.0
17409,0.427518384569,0.177962628089,0.394518987342,2.0
6095,0.733527692308,0.246413827603,0.0200584800891,0.0
9032,0.88718849424,0.0850248806941,0.0277866250657,0.0
5210,0.988917870613,0.0110556041884,2.6525198939e-05,0.0
11177,0.910092361034,0.0899076389661,0.0,0.0
12324,0.331093768358,0.648062602889,0.0208436287538,1.0
1697,0.814030453433,0.171984104047,0.01398544252,0.0
3106,0.671858716076,0.317603329479,0.0105379544447,1.0
7824,0.866791005703,0.132039257321,0.00116973697567,0.0
2588,0.221768823663,0.269233614022,0.508997562315,0.0
13644,0.9794599143,0.0202522955041,0.000287790196166,0.0
13082,0.969807976366,0.0301920236337,0.0,0.0
8150,0.860664667518,0.139308807283,2.6525198939e-05,0.0
6234,0.210240564532,0.156022873275,0.633736562193,0.0
10350,0.811430245931,0.188569754069,0.0,0.0
13538,0.940819219532,0.0553196216885,0.0038611587796,0.0
2338,0.87920251315,0.119752032071,0.00104545477898,0.0
17947,0.885,0.115,0.0,0.0
9786,0.486322171974,0.496409024291,0.0172688037354,0.0
9514,0.786194258824,0.184448323321,0.0293574178542,0.0
13670,0.921907043306,0.068282731698,0.00981022499646,0.0
15482,0.453091044736,0.501052502403,0.0458564528604,0.0
12517,0.551280234493,0.411577237599,0.0371425279079,1.0
411,0.452117815839,0.168912574254,0.378969609906,1.0
10237,0.447009392474,0.226820952646,0.32616965488,0.0
12734,0.515907637546,0.183358974,0.300733388453,0.0
10863,0.82282706925,0.177099039125,7.38916256158e-05,0.0
11390,0.786393055428,0.185994365979,0.027612578593,0.0
5260,0.581490908195,0.362261514976,0.0562475768298,0.0
8244,0.490317409687,0.508977726554,0.000704863758796,1.0
4161,0.379359745826,0.602160326994,0.0184799271799,1.0
16354,0.637548406683,0.302339777775,0.0601118155426,0.0
15236,0.993976540636,0.00580794212241,0.000215517241379,0.0
14877,0.386952533839,0.531626192027,0.0814212741343,0.0
4810,0.973518830375,0.0264546444257,2.6525198939e-05,0.0
4637,0.897969285991,0.0940105545952,0.00802015941376,0.0
14124,0.604038599984,0.226526064824,0.169435335192,1.0
4737,0.944137212456,0.0558627875441,0.0,0.0
5377,0.362521559869,0.616318258824,0.0211601813073,1.0
14696,0.306117492932,0.16179991644,0.532082590627,0.0
2880,0.636188526128,0.329872903149,0.0339385707222,1.0
17021,0.955665912935,0.043888427802,0.000445659262625,0.0
11043,0.999267242517,0.000732757483236,0.0,0.0
6,0.534670313942,0.462653829859,0.00267585619896,1.0
2380,0.683007021888,0.174245722893,0.142747255219,1.0
6563,0.655899664405,0.301179867735,0.0429204678601,0.0
2273,0.709415490989,0.256541953575,0.0340425554365,0.0
1743,0.461942931104,0.511693710555,0.0263633583409,1.0
12919,0.278616398865,0.273385549085,0.447998052051,2.0
7922,0.515485089405,0.46748892181,0.0170259887851,0.0
8201,0.909839125492,0.0864369012942,0.00372397321338,0.0
13659,0.919599386839,0.0802089062932,0.000191706867655,0.0
2861,0.659445406352,0.23751541162,0.103039182028,0.0
17883,0.139254920075,0.467418596431,0.393326483494,2.0
17057,0.977842229484,0.0221577705156,0.0,0.0
12316,0.600884885313,0.398880702713,0.000234411974106,0.0
12541,0.673616311743,0.304318296379,0.022065391878,0.0
363,0.92130607392,0.0585515950096,0.0201423310699,0.0
4166,0.579371341954,0.341808793468,0.0788198645784,1.0
8354,0.210799356655,0.452446686898,0.336753956447,0.0
9160,0.206753119396,0.704090694145,0.0891561864591,1.0
1476,0.979566334026,0.0201458757783,0.000287790196166,0.0
8193,0.94274914653,0.0528144084276,0.00443644504241,1.0
12708,0.528598786408,0.407069639102,0.0643315744898,1.0
13410,0.455677369271,0.539944686443,0.00437794428587,0.0
12066,0.966821598155,0.0331784018451,0.0,0.0
8570,0.559994589709,0.39097908109,0.049026329201,0.0
4204,0.70176838918,0.261558238636,0.0366733721839,0.0
18290,0.982315621223,0.0176578535778,2.6525198939e-05,0.0
11441,0.364593101716,0.294700509389,0.340706388896,2.0
17975,0.610213960713,0.310830861935,0.0789551773519,1.0
11262,0.249192958973,0.407784097757,0.34302294327,0.0
3768,0.916014239192,0.055695325566,0.0282904352424,0.0
11418,0.97731160974,0.0226618650613,2.6525198939e-05,0.0
13813,0.196857691524,0.682686412722,0.120455895754,1.0
1665,0.236926504985,0.554818816804,0.208254678211,1.0
4170,0.881000462144,0.109631675157,0.0093678626987,0.0
12798,0.958082157502,0.0330645205056,0.00885332199195,0.0
681,0.827475107536,0.150700563327,0.0218243291371,0.0
319,0.742158937425,0.202816251941,0.055024810634,0.0
17956,0.98864785776,0.0113521422401,0.0,0.0
429,0.987262528807,0.00932697215595,0.00341049903683,0.0
6663,0.456458870535,0.484406897313,0.0591342321521,1.0
10586,0.631249181767,0.365503747059,0.00324707117323,1.0
8583,0.711047381623,0.254733861151,0.0342187572262,0.0
8030,0.838627891666,0.161326756861,4.53514739229e-05,0.0
5099,0.898663605692,0.100953506797,0.000382887510741,0.0
446,0.468845526407,0.523877541805,0.00727693178815,1.0
5725,0.15596252474,0.675449607025,0.168587868235,1.0
15436,0.420239948255,0.321398442508,0.258361609237,0.0
6758,0.964482048913,0.035434617754,8.33333333333e-05,0.0
6449,0.98649138174,0.0135086182603,0.0,0.0
4552,0.0920222189991,0.380784792073,0.527192988928,1.0
17865,0.317317212869,0.141954004685,0.540728782446,0.0
1645,0.16108756905,0.742217286592,0.0966951443586,1.0
1308,0.627152045589,0.371716830288,0.00113112412283,0.0
8781,0.951293402362,0.0485595388149,0.000147058823529,1.0
831,0.943295023436,0.0566631355602,4.18410041841e-05,0.0
15145,0.585408065742,0.265097944705,0.149493989553,0.0
17654,0.826889044402,0.158234461306,0.0148764942914,0.0
603,0.96,0.04,0.0,0.0
5962,0.530881930249,0.46892647115,0.000191598601536,0.0
11520,0.604038599984,0.226526064824,0.169435335192,0.0
10341,0.709776174742,0.286332850568,0.00389097468998,0.0
5070,0.260188739838,0.0710385912298,0.668772668932,0.0
1197,0.984079564749,0.0158234014579,9.7033792686e-05,0.0
6187,0.525750220049,0.21061990068,0.26362987927,1.0
733,0.570293242642,0.334986598402,0.0947201589555,0.0
2242,0.989807976366,0.0101920236337,0.0,0.0
479,0.549012903633,0.401526076809,0.0494610195585,0.0
12362,0.86257718472,0.137320774464,0.000102040816327,0.0
14596,0.739310166034,0.260463639139,0.000226194826435,0.0
6801,0.234776051783,0.403296237708,0.36192771051,1.0
4896,0.459562437202,0.516691162367,0.0237464004313,1.0
3287,0.259282440204,0.482095252615,0.25862230718,1.0
8377,0.680748819304,0.31904634577,0.000204834925895,1.0
14233,0.734173654223,0.230757630519,0.0350687152584,0.0
5065,0.732616294367,0.233512879409,0.0338708262232,0.0
6233,0.949992960929,0.049920082549,8.69565217391e-05,0.0
4160,0.693223591409,0.304142722509,0.00263368608142,0.0
16840,0.97438953702,0.0255839377812,2.6525198939e-05,0.0
18192,0.878591640252,0.117943240572,0.00346511917564,0.0
7711,0.444355407079,0.543137935215,0.0125066577068,0.0
7254,0.311298143848,0.490881801949,0.197820054202,1.0
3214,0.695445718314,0.234076176744,0.0704781049422,0.0
14597,0.810952802083,0.185582078741,0.00346511917564,1.0
15086,0.153473508675,0.244609888687,0.601916602639,2.0
8686,0.624429358558,0.375059677341,0.000510964100666,0.0
16989,0.225571844518,0.183175431408,0.591252724074,2.0
420,0.164935568334,0.784861061079,0.0502033705873,0.0
16891,0.999555763278,0.000444236721934,0.0,0.0
8046,0.611888405129,0.323555489155,0.0645561057161,1.0
7484,0.902963270453,0.0952897184011,0.00174701114579,0.0
14880,0.765359315981,0.195929815587,0.038710868432,0.0
16049,0.536647159716,0.264898502571,0.198454337712,0.0
227,0.31264583262,0.160844532722,0.526509634657,0.0
1387,0.453955672992,0.545792821016,0.0002515059912,0.0
12011,0.980076866478,0.0198966083231,2.6525198939e-05,0.0
6123,0.602864808917,0.330705703537,0.0664294875457,0.0
8935,0.479622073071,0.46742306722,0.0529548597087,0.0
2865,0.956231269992,0.0403036108325,0.00346511917564,0.0
17241,0.895169501096,0.0883350601087,0.0164954387955,0.0
5237,0.841615394788,0.153708244373,0.00467636083894,0.0
3185,0.831146457213,0.168781079019,7.24637681159e-05,1.0
4691,0.779425901484,0.14542292269,0.0751511758254,0.0
8423,0.804693958431,0.194893159051,0.000412882517402,0.0
17894,0.894707704577,0.0878219429114,0.0174703525113,0.0
14642,0.987734923593,0.0122650764068,0.0,0.0
5292,0.984605154497,0.0153948455032,0.0,0.0
3670,0.341690093561,0.62913498377,0.0291749226683,1.0
7301,0.922287444744,0.0453908828031,0.0323216724525,1.0
2105,0.725976794194,0.271475213057,0.00254799274939,0.0
1954,0.916454845764,0.0818011933475,0.00174396088894,0.0
7699,0.72721494457,0.219361047915,0.0534240075149,0.0
15680,0.381226982753,0.404562144625,0.214210872622,1.0
16960,0.979345662989,0.0206543370106,0.0,0.0
2476,0.877970538305,0.122029461695,0.0,0.0
4646,0.989807976366,0.0101920236337,0.0,0.0
4826,0.997544818472,0.00245518152841,0.0,0.0
14595,0.385477875567,0.444233529461,0.170288594972,1.0
12970,0.495441402125,0.499391351292,0.00516724658346,1.0
9353,0.807377205458,0.192254181925,0.000368612616459,0.0
17222,0.977208013601,0.022791986399,0.0,0.0
10057,0.978244891093,0.0217551089068,0.0,0.0
12864,0.189905058926,0.263513215862,0.546581725213,2.0
16999,0.860866574393,0.113627821441,0.0255056041663,0.0
2692,0.588069314654,0.411267662592,0.000663022754612,0.0
14976,0.99066175275,0.00651444073479,0.00282380651534,0.0
6847,0.949425065471,0.0505749345291,0.0,1.0
15784,0.954789513949,0.0343186929165,0.0108917931349,0.0
8439,0.464669656453,0.531200862278,0.00412948126913,1.0
7067,0.193366997193,0.157586258716,0.649046744091,0.0
18113,0.520884551161,0.478979820339,0.000135628499853,1.0
17415,0.836530339903,0.157157211037,0.00631244905951,0.0
12978,0.968924717934,0.023087127853,0.0079881542129,0.0
5459,0.380656790319,0.616206120172,0.00313708950906,0.0
10742,0.305293716118,0.659352141653,0.0353541422288,1.0
497,0.816981097897,0.182945010477,7.38916256158e-05,0.0
6646,0.900663940763,0.0861024967767,0.0132335624604,0.0
12958,0.307128265395,0.194638223743,0.498233510862,0.0
5394,0.668402059787,0.327010234965,0.00458770524796,0.0
12610,0.262091351632,0.71839157407,0.0195170742978,1.0
5926,0.566984897693,0.425796437647,0.00721866465983,0.0
9713,0.999807976366,0.000192023633678,0.0,0.0
7364,0.622969840806,0.373166449082,0.0038637101127,0.0
5311,0.922619059601,0.0744463252019,0.00293461519686,0.0
13337,0.694448810186,0.305448067425,0.000103122389307,0.0
11149,0.955899176138,0.044100823862,0.0,0.0
6938,0.524442105554,0.459217171647,0.0163407227989,1.0
14109,0.681732844933,0.214006559921,0.104260595146,0.0
16926,0.646553649986,0.353446350014,0.0,0.0
5219,0.978829054529,0.0211444202724,2.6525198939e-05,0.0
14939,0.264104887976,0.630682643209,0.105212468816,1.0
6492,0.920272077471,0.0762657313397,0.00346219118896,0.0
4107,0.926229147514,0.0675615356995,0.00620931678646,0.0
506,0.347363223766,0.342454353256,0.310182422977,0.0
2435,0.553707796906,0.395739860024,0.0505523430707,1.0
12376,0.526521664029,0.313551708759,0.159926627213,1.0
135,0.973610966191,0.0221519755322,0.00423705827715,0.0
9605,0.981106506228,0.0188669685726,2.6525198939e-05,0.0
13872,0.721891102638,0.267606217095,0.0105026802667,0.0
15057,0.478423209648,0.119586237191,0.401990553161,0.0
11020,0.422625522194,0.56766389243,0.00971058537643,1.0
3536,0.936538325908,0.0591369604129,0.00432471367866,0.0
14249,0.380909090909,0.0633131313131,0.555777777778,2.0
3979,0.5992554864,0.399386662758,0.00135785084218,0.0
8293,0.9694599143,0.0302522955041,0.000287790196166,0.0
2987,0.979807976366,0.0201920236337,0.0,0.0
2361,0.243302159392,0.105678200193,0.651019640416,2.0
11595,0.397178606198,0.403964982481,0.198856411321,2.0
15473,0.573537015727,0.130659737063,0.29580324721,0.0
8927,0.990667996391,0.00930547840967,2.6525198939e-05,0.0
7128,0.26046514812,0.131306006665,0.608228845216,1.0
5580,0.871067434359,0.0973400132458,0.0315925523952,0.0
2302,0.731726564731,0.129574510166,0.138698925102,0.0
3332,0.988863171299,0.0111103035019,2.6525198939e-05,0.0
15011,0.28719991685,0.696877769722,0.0159223134284,1.0
3262,0.328629674044,0.528727508479,0.142642817477,0.0
8459,0.109502683283,0.0546181460466,0.83587917067,0.0
3303,0.428427759043,0.555728105011,0.0158441359463,0.0
7207,0.997544818472,0.00245518152841,0.0,0.0
2560,0.999555763278,0.000444236721934,0.0,0.0
5935,0.980076866478,0.0198966083231,2.6525198939e-05,0.0
17817,0.737279615774,0.259458579354,0.00326180487168,0.0
6081,0.556749758293,0.390588413839,0.052661827868,0.0
1244,0.535133149834,0.464542880407,0.000323969759316,1.0
784,0.95325842926,0.0467150455406,2.6525198939e-05,0.0
5703,0.239597405606,0.312491292306,0.447911302088,2.0
4848,0.498010598105,0.375627031582,0.126362370312,0.0
5634,0.214729826406,0.697471291214,0.0877988823799,1.0
16696,0.936294423469,0.0591369604129,0.00456861611768,0.0
12619,0.951151501447,0.0466804885266,0.00216801002667,0.0
15671,0.464909625066,0.534954746435,0.000135628499853,1.0
12676,0.770960857239,0.228715926295,0.000323216466074,0.0
18093,0.543999587152,0.421780851546,0.0342195613027,1.0
11855,0.372368968326,0.6062333886,0.0213976430743,1.0
1456,0.797237787137,0.165259316725,0.0375028961379,0.0
17460,0.112512219067,0.276707513086,0.610780267847,1.0
12099,0.682016265813,0.281452759792,0.0365309743944,0.0
274,0.981689964875,0.018283509926,2.6525198939e-05,0.0
105,0.544228360843,0.455595706715,0.000175932441942,1.0
13301,0.558435469727,0.396501057075,0.0450634731979,0.0
12782,0.743411326365,0.227135429081,0.029453244554,2.0
8928,0.628166008152,0.371582485856,0.0002515059912,0.0
11604,0.746383543744,0.246854822497,0.00676163375852,0.0
16445,0.858065568241,0.113155846996,0.0287785847637,0.0
16694,0.400882221169,0.546751644633,0.052366134198,1.0
646,0.977922310418,0.0220776895825,0.0,0.0
11171,0.511160139985,0.324388125853,0.164451734162,0.0
18228,0.18050275565,0.201767141534,0.617730102816,2.0
1104,0.404496701628,0.356162950239,0.239340348133,1.0
16966,0.32668631063,0.670836585497,0.00247710387284,0.0
16874,0.818942062749,0.127384759725,0.0536731775262,0.0
18127,0.401907092839,0.579405058546,0.0186878486156,1.0
1205,0.999555763278,0.000444236721934,0.0,0.0
3172,0.979807976366,0.0201920236337,0.0,0.0
18535,0.859557804122,0.140425101861,1.7094017094e-05,0.0
8729,0.29533068179,0.33596064706,0.36870867115,1.0
3384,0.822935071799,0.12103926131,0.056025666891,0.0
7640,0.582881240377,0.318919965662,0.0981987939609,0.0
7007,0.94394921871,0.0525856621145,0.00346511917564,0.0
11469,0.838957799964,0.161042200036,0.0,0.0
16837,0.603052334908,0.342207476297,0.0547401887947,1.0
17237,0.862128644657,0.11120097216,0.0266703831827,0.0
19,0.412633145097,0.507381930021,0.0799849248818,1.0
14290,0.912829224364,0.0855312135131,0.00163956212251,0.0
6761,0.669911490844,0.326690820673,0.00339768848226,0.0
15850,0.852899789379,0.147100210621,0.0,0.0
16249,0.956612980019,0.038387019981,0.005,0.0
11170,0.9794599143,0.0202522955041,0.000287790196166,0.0
9380,0.434153476834,0.540174175551,0.0256723476154,1.0
1790,0.326478285825,0.670845857976,0.00267585619896,0.0
14735,0.291019612714,0.0857294350524,0.623250952233,2.0
14241,0.453765487681,0.502581944099,0.0436525682202,1.0
5689,0.978460276777,0.0208537777342,0.000685945488794,0.0
14799,0.712397836331,0.27195516271,0.0156470009594,1.0
15037,0.838338850542,0.155348700399,0.00631244905951,0.0
17745,0.900296906798,0.0809377655989,0.0187653276027,1.0
874,0.0945167547354,0.0673505368754,0.838132708389,2.0
11724,0.815376973683,0.165445450909,0.0191775754078,0.0
12109,0.648822608997,0.321573917573,0.0296034734297,0.0
2589,0.528938855207,0.353727954913,0.117333189881,1.0
1619,0.428403879057,0.449655917755,0.121940203188,0.0
9224,0.684155821556,0.273778715836,0.0420654626087,0.0
6197,0.712958062669,0.27092688696,0.0161150503704,0.0
6643,0.500936254308,0.426829192253,0.072234553439,1.0
14544,0.784782749066,0.210540890095,0.00467636083894,1.0
14337,0.787982203484,0.205067483512,0.0069503130038,0.0
16159,0.978986608157,0.0210133918432,0.0,0.0
12623,0.924504199259,0.0738498790676,0.00164592167325,0.0
11193,0.424171665065,0.498369953927,0.0774583810081,1.0
10700,0.772222144806,0.227392793587,0.000385061606429,0.0
1264,0.616717729904,0.191723145708,0.191559124388,0.0
18386,0.97265556925,0.0273444307504,0.0,0.0
5364,0.96,0.04,0.0,0.0
16123,0.325260320338,0.638660085801,0.0360795938615,0.0
6111,0.143428942058,0.693065420161,0.163505637781,1.0
7607,0.111576231143,0.418080933496,0.470342835362,2.0
14830,0.325576068569,0.658041272236,0.0163826591942,1.0
12961,0.854867956255,0.102256410321,0.0428756334241,2.0
16230,0.611820436793,0.0939920954645,0.294187467742,0.0
8174,0.418884090322,0.54946019111,0.0316557185683,1.0
15369,0.422301981245,0.538835134596,0.038862884159,0.0
4558,0.97843370736,0.0215662926395,0.0,0.0
12259,0.868592730695,0.124092040192,0.00731522911265,0.0
14532,0.5969472212,0.311370114452,0.0916826643483,0.0
6004,0.989807976366,0.0101920236337,0.0,0.0
12646,0.872772074238,0.127006975313,0.000220950449145,0.0
8685,0.939933889295,0.0599190518813,0.000147058823529,0.0
11183,0.52222815589,0.410653048365,0.0671187957443,0.0
8953,0.519984152265,0.479880219235,0.000135628499853,1.0
17491,0.694188875548,0.285068490663,0.0207426337889,0.0
13130,0.979807976366,0.0201920236337,0.0,0.0
14740,0.909029660244,0.0571149777102,0.0338553620463,0.0
532,0.803504544038,0.192898800399,0.00359665556378,0.0
13907,0.791133658344,0.19536978935,0.0134965523061,1.0
18363,0.301506159316,0.530269018822,0.168224821862,1.0
10422,0.948571682456,0.0459931651886,0.0054351523551,0.0
6041,0.335995506387,0.0280546645459,0.635949829067,0.0
8590,0.363914220108,0.194523536165,0.441562243726,2.0
17319,0.98583331977,0.0141401550308,2.6525198939e-05,0.0
14844,0.554919526107,0.395657039959,0.0494234339339,1.0
6719,0.21338283647,0.289881619726,0.496735543804,2.0
417,0.32144550044,0.669736062918,0.00881843664205,1.0
16552,0.424920617649,0.512224150602,0.0628552317487,1.0
2145,0.990435463792,0.00949207243995,7.24637681159e-05,0.0
13169,0.662162476054,0.335203837864,0.00263368608142,0.0
15657,0.766161718344,0.233448570469,0.00038971118674,0.0
17361,0.983149689533,0.0168237852685,2.6525198939e-05,0.0
17844,0.995805763278,0.00419423672193,0.0,0.0
16368,0.999437605996,0.000562394004048,0.0,0.0
4652,0.922287444744,0.0453908828031,0.0323216724525,0.0
4238,0.170590050889,0.775096651923,0.0543132971877,0.0
7490,0.211819341814,0.199693555604,0.588487102582,2.0
8847,0.952686559112,0.0328186929165,0.0144947479719,0.0
11995,0.402336372668,0.366410793021,0.231252834311,0.0
7139,0.829869744973,0.16971737251,0.000412882517402,0.0
6002,0.993976540636,0.00580794212241,0.000215517241379,0.0
14402,0.670961747283,0.23601242025,0.0930258324665,0.0
14409,0.985818360073,0.0094808183098,0.00470082161747,0.0
1098,0.947561808029,0.0485865422505,0.00385164972077,0.0
12774,0.619341474853,0.379566683428,0.00109184171846,1.0
5249,0.133336751262,0.064537144862,0.802126103876,2.0
1382,0.11717598746,0.53817234716,0.34465166538,2.0
15226,0.603937877124,0.393428436795,0.00263368608142,1.0
94,0.42225325935,0.468839610455,0.108907130194,2.0
9591,0.951151501447,0.0466804885266,0.00216801002667,0.0
11886,0.637278979891,0.324564000664,0.0381570194447,0.0
1621,0.474605647758,0.49117479094,0.0342195613027,1.0
810,0.423331575789,0.571747481634,0.00492094257681,0.0
8536,0.394838066724,0.604910427285,0.0002515059912,1.0
3169,0.753026191877,0.246901344355,7.24637681159e-05,1.0
6788,0.343317613923,0.214121366181,0.442561019896,2.0
3111,0.56018973199,0.330165099328,0.109645168682,0.0
4080,0.723163964549,0.272248330203,0.00458770524796,1.0
18193,0.591621283749,0.407863792918,0.000514923333728,1.0
16218,0.142846600768,0.560979162173,0.29617423706,1.0
4246,0.951717645191,0.0478366955467,0.000445659262625,0.0
14125,0.58811702772,0.313741323918,0.0981416483622,0.0
821,0.255712742707,0.39732018071,0.346967076583,1.0
13006,0.979566334026,0.0201458757783,0.000287790196166,0.0
18173,0.762812115173,0.230426251069,0.00676163375852,0.0
11276,0.294254925126,0.375725040829,0.330020034045,0.0
10371,0.969750833509,0.0302491664908,0.0,0.0
9261,1.0,0.0,0.0,0.0
18297,0.762284150834,0.189769613563,0.0479462356031,0.0
912,0.494645559596,0.452250074625,0.0531043657788,1.0
7579,0.616422877637,0.329257718019,0.0543194043442,1.0
10263,0.750756002341,0.249141956843,0.000102040816327,1.0
18391,0.619047706789,0.216315746026,0.164636547186,0.0
16015,0.80030789274,0.160751764969,0.0389403422902,1.0
17938,0.984613168814,0.0153868311863,0.0,0.0
2894,0.644176433083,0.328501473461,0.0273220934564,0.0
6648,0.89260044299,0.0931223091282,0.0142772478816,0.0
11137,0.331854489351,0.468371653104,0.199773857545,2.0
17054,0.999807976366,0.000192023633678,0.0,0.0
6495,0.643782911437,0.32615554706,0.0300615415033,0.0
10070,0.977412587413,0.0225874125874,0.0,0.0
11029,0.537928160421,0.448049639334,0.0140222002452,1.0
16043,0.992242223734,0.00773125106672,2.6525198939e-05,0.0
12529,0.446706288355,0.413143157287,0.140150554358,0.0
9536,0.89302586558,0.10697413442,0.0,1.0
5281,0.915234034001,0.0734505007439,0.0113154652554,0.0
14815,0.36913366393,0.615091966724,0.015774369346,0.0
11651,0.54799832686,0.451750167149,0.0002515059912,1.0
6697,0.88100167334,0.104315933346,0.0146823933133,0.0
488,0.914504199259,0.0838498790676,0.00164592167325,0.0
9228,0.872363002314,0.121755876376,0.00588112130941,1.0
6298,0.536212673241,0.0311302700743,0.432657056685,2.0
12674,0.524461407145,0.475330500587,0.000208092267969,0.0
18262,0.906778987458,0.0920512755662,0.00116973697567,0.0
3569,0.588786678388,0.32447074424,0.0867425773721,1.0
17870,0.993459250367,0.00643870881686,0.000102040816327,0.0
2074,0.991412782708,0.00856069209305,2.6525198939e-05,0.0
16700,0.146439111365,0.0941714542529,0.759389434382,2.0
8286,0.952325556582,0.0475874868965,8.69565217391e-05,1.0
6739,0.376028038315,0.613843228363,0.0101287333217,0.0
13417,0.687724931105,0.289592955843,0.0226821130519,0.0
12365,0.713235959213,0.237863938654,0.0489001021331,0.0
6966,0.347021194973,0.633029781064,0.0199490239629,1.0
6572,0.538350020496,0.457599284571,0.00405069493312,0.0
8558,0.731590063426,0.239690696433,0.0287192401411,0.0
11860,0.897499522041,0.101505447884,0.000995030075105,0.0
15193,0.793996942672,0.187880650518,0.0181224068099,0.0
17502,0.962340710545,0.0342087730427,0.00345051641259,0.0
13120,0.577840670193,0.406378503893,0.0157808259137,0.0
17275,0.640543127915,0.345332475719,0.0141243963656,1.0
16879,0.955826925812,0.0401803790202,0.00399269516774,0.0
18392,0.754540890161,0.245143890851,0.00031521898883,1.0
11333,0.702453136545,0.297178250839,0.000368612616459,0.0
16107,0.708493959635,0.217237810642,0.0742682297236,0.0
2054,0.911710802294,0.0882891977062,0.0,0.0
6395,0.716356361654,0.28343880342,0.000204834925895,0.0
14049,0.826748924861,0.173149034323,0.000102040816327,0.0
10894,0.864122974138,0.135769965869,0.000107059993014,0.0
6591,0.541028165749,0.422863045284,0.0361087889669,1.0
11403,0.932364094141,0.0488761431754,0.0187597626838,0.0
18213,0.934486549953,0.0616618003258,0.00385164972077,0.0
1691,1.0,0.0,0.0,0.0
13032,0.96081144004,0.0355919043961,0.00359665556378,0.0
13322,0.843026410667,0.118489705602,0.038483883731,0.0
1974,0.894707704577,0.0878219429114,0.0174703525113,0.0
8387,0.970723170423,0.0282414548417,0.00103537473491,0.0
9942,0.982926917515,0.0170465572866,2.6525198939e-05,0.0
9577,0.53917505545,0.407668166657,0.0531567778936,0.0
5904,0.979437605996,0.020562394004,0.0,0.0
7456,0.906915728433,0.0916783141187,0.00140595744811,0.0
14265,0.555230833709,0.425165193769,0.0196039725227,0.0
17219,0.904731901477,0.0951488554232,0.000119243099539,0.0
1086,0.599634039686,0.333936472768,0.0664294875457,0.0
17788,0.6410119241,0.358783240974,0.000204834925895,0.0
5336,0.955073470057,0.0449265299434,0.0,0.0
1314,0.318037797547,0.270847601693,0.411114600759,0.0
7208,0.922287444744,0.0453908828031,0.0323216724525,0.0
10998,0.775503964881,0.117397442044,0.107098593075,0.0
2143,0.694954714586,0.268916330818,0.036128954596,0.0
1164,0.4362,0.1186,0.4452,2.0
6471,0.306006231696,0.484954770733,0.209038997571,2.0
9099,0.956776416419,0.0366791786969,0.00654440488377,0.0
13296,0.307893792688,0.629838799742,0.0622674075701,1.0
978,0.350684387091,0.645258998421,0.00405661448867,1.0
3645,0.423597477972,0.576402522028,0.0,0.0
4802,0.667415713281,0.332215674102,0.000368612616459,1.0
10027,0.133591286968,0.166934615453,0.699474097578,1.0
1022,0.464291091745,0.295188701201,0.240520207054,2.0
11848,0.609703703704,0.259962962963,0.130333333333,0.0
15419,0.9794599143,0.0202522955041,0.000287790196166,0.0
3058,0.607332778672,0.392298608711,0.000368612616459,0.0
7001,0.386008746271,0.153981283283,0.460009970446,2.0
8160,0.189164444847,0.248885177921,0.561950377232,0.0
14414,0.113098965424,0.181112719523,0.705788315053,2.0
8415,0.818091395812,0.166480901902,0.0154277022867,1.0
12471,0.731407550998,0.265461444306,0.00313100469518,0.0
11077,0.78314314571,0.216646858845,0.000209995445448,0.0
7847,0.85715091019,0.120263180554,0.0225859092563,0.0
6851,0.979807976366,0.0201920236337,0.0,0.0
4852,0.710027010219,0.221876819912,0.0680961698697,0.0
3982,0.823269437714,0.173776612656,0.00295394963013,0.0
8727,0.615183150179,0.168827555979,0.215989293843,0.0
10683,0.829869744973,0.16971737251,0.000412882517402,0.0
9412,0.706863046079,0.293075217046,6.17368742369e-05,1.0
6288,0.271277793312,0.703325540441,0.0253966662474,1.0
18012,0.972192200205,0.02586107411,0.00194672568508,0.0
6261,0.907824161546,0.0921758384535,0.0,0.0
8481,0.447444035429,0.48977780219,0.0627781623805,1.0
7926,0.983176829268,0.0168231707317,0.0,0.0
8789,0.278333968466,0.210302866866,0.511363164667,2.0
2542,0.491556917878,0.489487018448,0.0189560636742,1.0
3571,0.44753438681,0.188672623836,0.363792989354,1.0
5602,0.881824857432,0.101123636192,0.0170515063764,0.0
570,0.261652456237,0.723051281206,0.015296262557,0.0
18452,0.983903792831,0.0160962071694,0.0,0.0
10478,0.31131529362,0.26825049137,0.42043421501,2.0
9793,0.982009636378,0.017963838423,2.6525198939e-05,0.0
7516,0.616969728822,0.380584300037,0.00244597114149,1.0
15506,0.293359449299,0.28678297009,0.419857580611,0.0
4969,0.805057862012,0.183130700777,0.0118114372111,0.0
11738,0.407868002708,0.330713794431,0.261418202862,1.0
9037,0.940466519084,0.0594314400995,0.000102040816327,0.0
2180,0.49258789175,0.467044083099,0.0403680251506,1.0
4831,0.69517322219,0.223307126103,0.0815196517076,0.0
4524,0.674595269665,0.25792426434,0.0674804659946,0.0
897,0.983090789447,0.0169092105534,0.0,0.0
11590,0.725970629057,0.267848387028,0.00618098391507,0.0
16275,0.101291099696,0.108434507614,0.79027439269,2.0
6421,0.557751804292,0.242809310868,0.199438884839,0.0
12977,0.958816759984,0.041183240016,0.0,0.0
10389,0.986621816522,0.0133781834777,0.0,0.0
716,0.30585925132,0.52004256248,0.1740981862,2.0
3821,0.91279918131,0.0832727638443,0.00392805484603,0.0
9584,0.906353688731,0.0935271764356,0.000119134833421,0.0
18110,0.302272987561,0.38797512653,0.309751885909,2.0
2184,0.310678072863,0.276665418227,0.412656508909,0.0
4253,0.843605585471,0.0890078942969,0.0673865202318,0.0
149,0.894394512211,0.105605487789,0.0,0.0
18163,0.990651920131,0.00910603742881,0.000242042440318,0.0
17847,0.931731728294,0.0682682717064,0.0,0.0
14558,0.322281449061,0.122404479448,0.555314071491,1.0
16573,0.875849666186,0.113882737309,0.0102675965053,0.0
18039,0.492148346362,0.46095984158,0.0468918120583,1.0
1428,0.589325275174,0.322803656407,0.0878710684196,1.0
13919,0.883371522653,0.0977745795523,0.0188538977949,0.0
