id,predict_0,predict_1,predict_2,real
14121,0.933387378632,0.0628566750014,0.00375594636658,1.0
9320,0.942095721994,0.0473968727333,0.0105074052723,0.0
14394,0.651118374939,0.340076124295,0.00880550076618,1.0
8218,0.424409728325,0.324297244575,0.2512930271,1.0
14804,0.552300989911,0.393018493817,0.054680516272,0.0
1080,0.625317321771,0.257824265692,0.116858412537,0.0
9731,0.869806312058,0.119395477958,0.010798209984,0.0
15505,0.949217524107,0.050774332571,8.14332247557e-06,0.0
3443,0.620623693193,0.374965996635,0.00441031017239,1.0
13300,0.467044357174,0.266815852186,0.266139790639,1.0
8976,0.402446931461,0.467919491377,0.129633577162,1.0
7965,0.759038972561,0.236550717267,0.00441031017239,0.0
10342,0.575744240156,0.370648609938,0.0536071499067,0.0
6741,0.355393868352,0.562532282054,0.0820738495943,1.0
7187,0.650402648266,0.26538790463,0.0842094471042,0.0
16780,0.628921484349,0.359946580447,0.0111319352038,0.0
14195,0.753837779446,0.24421711825,0.0019451023036,0.0
14025,0.65032238367,0.26064001655,0.0890375997808,0.0
8548,0.581664627658,0.365370459514,0.0529649128274,1.0
9566,0.797685999521,0.146699005887,0.0556149945911,0.0
15652,0.554002167196,0.112681409457,0.333316423347,0.0
3931,0.539583246586,0.39080780026,0.0696089531538,0.0
4557,0.812868459604,0.15535225318,0.0317792872157,0.0
3610,0.921592998823,0.072776878434,0.00563012274307,0.0
16574,0.805716001397,0.16781358057,0.0264704180333,0.0
7504,0.381958950358,0.576594475401,0.0414465742407,1.0
9735,0.827738130307,0.128114277347,0.0441475923463,0.0
14048,0.604582735394,0.337866071577,0.0575511930283,1.0
6769,0.513255976014,0.377933627024,0.108810396961,0.0
2514,0.745382981298,0.197175462337,0.0574415563653,0.0
896,0.657921555396,0.285720181821,0.0563582627835,0.0
4757,0.987933423675,0.0120584330029,8.14332247557e-06,0.0
16358,0.691575804871,0.291443289978,0.0169809051503,1.0
11810,0.803513076924,0.193113680756,0.0033732423201,0.0
7274,0.3707263136,0.505550066349,0.123723620051,1.0
2972,0.90708560286,0.0885987652564,0.00431563188391,0.0
7392,0.865632608285,0.133247011196,0.00112038051967,0.0
6824,0.849748775933,0.123226602803,0.0270246212642,0.0
4311,0.373591938435,0.238275534778,0.388132526787,2.0
12261,0.526025729507,0.338277009075,0.135697261418,2.0
14752,0.652517867947,0.261905138582,0.0855769934714,0.0
14992,0.35253615697,0.553733212987,0.0937306300428,2.0
967,0.574230654154,0.204962661179,0.220806684667,2.0
8059,0.828882269292,0.152844704462,0.0182730262455,0.0
13406,0.684812800619,0.268532770485,0.0466544288964,0.0
11424,0.978224162513,0.0217676941649,8.14332247557e-06,0.0
3945,0.171595481879,0.214260634615,0.614143883506,2.0
10351,0.328895583672,0.350776735613,0.320327680715,2.0
2272,0.871948009266,0.125773380281,0.00227861045273,0.0
10752,0.733882675382,0.262104347136,0.00401297748224,1.0
17096,0.137011223251,0.142245394136,0.720743382613,2.0
17314,0.374861801323,0.230537816409,0.394600382268,2.0
12770,0.316151294023,0.433752268688,0.250096437289,1.0
3304,0.605915659675,0.213141002746,0.180943337578,1.0
9012,0.763815488565,0.218236321857,0.0179481895784,0.0
9928,0.318206924877,0.13874632291,0.543046752212,2.0
297,0.533098118857,0.361142152354,0.105759728788,2.0
5751,0.828359647998,0.169951168336,0.00168918366608,0.0
17692,0.489625840194,0.482356510198,0.0280176496078,1.0
3688,0.911679544917,0.0829434323233,0.00537702275945,0.0
3425,0.315938153818,0.49428455559,0.189777290592,1.0
7871,0.342061869739,0.386749347539,0.271188782722,1.0
10013,0.661249117218,0.309257033891,0.0294938488909,0.0
13832,0.264888019594,0.624286366458,0.110825613948,1.0
11743,0.341119500653,0.264421108083,0.394459391264,1.0
10099,0.57790975487,0.360159719994,0.0619305251355,1.0
16682,0.256685628508,0.655392476674,0.0879218948179,1.0
10156,0.790080124549,0.20423099639,0.00568887906068,1.0
16154,0.68833989708,0.289504862262,0.0221552406574,0.0
14176,0.561971469184,0.42572138956,0.0123071412565,1.0
14964,0.221819922169,0.273189681075,0.504990396756,2.0
12896,0.273878573394,0.351817070409,0.374304356197,2.0
7288,0.304407095693,0.15258912899,0.543003775318,2.0
15882,0.68459255779,0.204050685745,0.111356756465,0.0
12441,0.438565922262,0.371547942339,0.189886135399,1.0
17248,0.49504611915,0.487732853851,0.0172210269992,0.0
16745,0.719613328549,0.220272858607,0.0601138128439,0.0
5315,0.494187097178,0.311145284003,0.194667618819,0.0
17118,0.412338360034,0.551345884419,0.0363157555468,1.0
7725,0.833093730249,0.141579386604,0.0253268831476,0.0
2311,0.528715755303,0.45075115622,0.0205330884766,0.0
4292,0.730302458852,0.222576787667,0.0471207534812,0.0
15773,0.933132297433,0.0627996442171,0.00406805834945,0.0
6531,0.981183217611,0.018808639067,8.14332247557e-06,0.0
16009,0.711531582375,0.259838267669,0.0286301499565,0.0
11930,0.917032453146,0.0807638126562,0.00220373419813,0.0
8541,0.910950730965,0.0849812106854,0.00406805834945,0.0
11019,0.606679690053,0.341709250024,0.0516110599229,0.0
8274,0.897131055903,0.102841662018,2.72820784564e-05,0.0
722,0.550525023537,0.390896407441,0.0585785690214,0.0
12305,0.640808034672,0.352059623927,0.00713234140076,1.0
11444,0.648176702111,0.265389908392,0.0864333894969,1.0
4006,0.412046690925,0.428834054663,0.159119254412,1.0
9231,0.471003723703,0.475325789846,0.0536704864516,1.0
6821,0.866742965364,0.125906925648,0.00735010898818,0.0
12888,0.674095054251,0.312567244064,0.0133377016851,0.0
6779,0.619227743793,0.376175866015,0.00459639019193,0.0
11232,0.632352414264,0.365704447219,0.0019431385169,0.0
11685,0.223170430154,0.426466492523,0.350363077322,2.0
1318,0.498139617223,0.453831432654,0.0480289501223,1.0
909,0.705265072996,0.257597542424,0.0371373845802,1.0
18511,0.492111028221,0.4745099171,0.0333790546798,1.0
16460,0.924214120089,0.0754373894582,0.000348490453268,0.0
12008,0.937717205128,0.0585268485057,0.00375594636658,0.0
6811,0.995291030803,0.00470082587493,8.14332247557e-06,0.0
16071,0.68125420282,0.216679661798,0.102066135382,0.0
4486,0.622064341742,0.315353933556,0.0625817247019,0.0
183,0.44971271761,0.519979476304,0.0303078060854,1.0
5729,0.916358033072,0.0782618005991,0.00538016632865,0.0
15368,0.519909570892,0.367699777067,0.112390652041,0.0
5064,0.612023016457,0.246555287053,0.14142169649,0.0
11530,0.895985052263,0.102101068611,0.00191387912566,0.0
14860,0.579891807603,0.358443163776,0.0616650286209,0.0
13166,0.838346144501,0.136326972351,0.0253268831476,0.0
14528,0.830069938094,0.168413596773,0.00151646513278,0.0
4202,0.54540059632,0.35747049713,0.0971289065504,1.0
3916,0.25736576951,0.633342037101,0.109292193389,1.0
11454,0.744265617631,0.237953910041,0.0177804723282,1.0
12297,0.705701129433,0.162084967337,0.132213903229,0.0
553,0.321240216424,0.131805613099,0.546954170476,0.0
10390,0.382418623675,0.332559317873,0.285022058452,1.0
5056,0.868374581345,0.129979084784,0.00164633387138,0.0
10503,0.733378505359,0.263158334239,0.0034631604022,0.0
1835,0.555102250813,0.385518263863,0.0593794853241,1.0
10085,0.984861079808,0.0151307768698,8.14332247557e-06,0.0
13807,0.573377451055,0.243028610109,0.183593938836,0.0
11318,0.984897749793,0.0150941068848,8.14332247557e-06,0.0
533,0.92185966549,0.0725102117673,0.00563012274307,0.0
10538,0.560483087108,0.317028699848,0.122488213044,1.0
11549,0.788485937536,0.192541914293,0.0189721481708,0.0
16900,0.844201032809,0.125722802375,0.0300761648156,0.0
599,0.771035032892,0.210642470909,0.0183224961987,0.0
11700,0.332194116583,0.602535133487,0.06527074993,0.0
18331,0.734196189547,0.223180182785,0.042623627668,0.0
5381,0.35140866786,0.215722642473,0.432868689667,2.0
13638,0.639055346993,0.239073044115,0.121871608892,0.0
2703,0.775972437643,0.170503160492,0.0535244018647,0.0
13686,0.238665798169,0.212047857528,0.549286344303,0.0
6240,0.213662058288,0.206868942323,0.579468999388,2.0
8546,0.180966837998,0.154669553861,0.664363608141,0.0
4578,0.583080827422,0.376591287429,0.0403278851493,0.0
15870,0.265638444876,0.349016410445,0.385345144679,0.0
17084,0.888907654386,0.103599412133,0.00749293348134,0.0
4114,0.584159715547,0.333954172787,0.0818861116661,0.0
8011,0.729715203094,0.153956416025,0.116328380882,0.0
6588,0.982407941296,0.0175839153814,8.14332247557e-06,0.0
12490,0.687605017351,0.237330863271,0.0750641193783,2.0
3975,0.965842907566,0.0341489491116,8.14332247557e-06,0.0
4720,0.817578265046,0.179548854705,0.00287288024957,0.0
15209,0.719638345915,0.213572209598,0.0667894444867,0.0
6092,0.739768179299,0.221190955251,0.0390408654501,1.0
9426,0.408135914989,0.182077492325,0.409786592686,0.0
2307,0.941799959383,0.0544440942504,0.00375594636658,0.0
13291,0.453773817921,0.506878949829,0.0393472322495,0.0
17245,0.490486017548,0.471645564729,0.0378684177223,1.0
11726,0.908484687949,0.0630689251425,0.0284463869084,0.0
15486,0.392025777507,0.437865138011,0.170109084483,0.0
9033,0.597530100634,0.331126470163,0.0713434292034,2.0
9959,0.398754275246,0.461272922557,0.139972802197,0.0
3798,0.984397888108,0.0155939685694,8.14332247557e-06,0.0
15624,0.244441979648,0.503283237416,0.252274782936,1.0
5995,0.851581946978,0.147854036749,0.000564016272269,0.0
9644,0.540525023537,0.400896407441,0.0585785690214,0.0
10779,0.975145291417,0.0239048257731,0.000949882810109,0.0
9734,0.743024353699,0.256840132683,0.000135513617884,1.0
14954,0.537648872885,0.335580905327,0.126770221788,1.0
15493,0.752088273148,0.228250262514,0.0196614643385,0.0
6222,0.447012714167,0.499562588867,0.0534246969658,1.0
17390,0.631923007581,0.35529710423,0.0127798881883,1.0
6826,0.435662724735,0.510981707522,0.0533555677435,1.0
8611,0.289430638727,0.41468427974,0.295885081533,2.0
9087,0.735986064826,0.163092250506,0.100921684669,0.0
17472,0.377388209078,0.569341621163,0.0532701697585,1.0
12760,0.804480179948,0.192146577732,0.0033732423201,0.0
4963,0.308281669426,0.246948713675,0.444769616899,2.0
6225,0.0960180830909,0.526009916997,0.377971999913,1.0
7959,0.740027081949,0.235628779625,0.0243441384263,0.0
1773,0.539579596554,0.415747925374,0.044672478072,1.0
6136,0.90607512571,0.0938975922117,2.72820784564e-05,1.0
5965,0.411427389488,0.542432489515,0.046140120997,1.0
5390,0.814963282968,0.183347533366,0.00168918366608,0.0
13663,0.283955992189,0.277850369466,0.438193638345,2.0
4501,0.764123952603,0.215993802177,0.0198822452203,0.0
13442,0.341972080906,0.46408485203,0.193943067064,1.0
6958,0.75447981745,0.205819786974,0.039700395576,0.0
16339,0.433776406675,0.511475357994,0.0547482353317,0.0
9372,0.470667310971,0.265631826358,0.263700862671,0.0
5576,0.456883663426,0.497590902274,0.0455254342994,1.0
663,0.151612632296,0.164379842126,0.684007525578,0.0
1473,0.535854177928,0.384315152856,0.0798306692155,1.0
949,0.453426532154,0.459624914341,0.086948553505,0.0
10513,0.476254953486,0.424418707182,0.0993263393316,0.0
14289,0.532431925266,0.408261229579,0.0593068451544,1.0
15260,0.893359114972,0.0997320083736,0.00690887665419,0.0
9812,0.670684818348,0.246870390472,0.0824447911806,0.0
4916,0.274684056596,0.248646099194,0.476669844209,2.0
17515,0.635311038898,0.280516324953,0.084172636149,2.0
17388,0.879901484226,0.116725273453,0.0033732423201,0.0
4450,0.816299845272,0.151621421682,0.0320787330461,0.0
16258,0.799324300267,0.137050047895,0.0636256518371,0.0
10528,0.481829148722,0.51041202013,0.00775883114791,0.0
4003,0.863017245898,0.135613855133,0.00136889896857,1.0
3954,0.58480824801,0.407172386125,0.0080193658655,1.0
13945,0.536736135885,0.441572121122,0.0216917429929,1.0
15607,0.652172445954,0.318530978411,0.0292965756348,0.0
11897,0.491721135784,0.251585383836,0.25669348038,0.0
12609,0.810505567454,0.120771553936,0.0687228786105,0.0
10122,1.0,0.0,0.0,0.0
7886,0.933073080817,0.0616540630903,0.00527285609279,0.0
15771,0.823026714426,0.121777582987,0.0551957025868,0.0
17681,0.511696811687,0.432281074935,0.0560221133785,0.0
15863,0.476242134284,0.404344617898,0.119413247818,2.0
17690,0.305290057954,0.323908579142,0.370801362904,1.0
8606,0.984861079808,0.0151307768698,8.14332247557e-06,0.0
11362,0.744739167469,0.251844926528,0.00341590600278,0.0
4604,0.569595150935,0.28253921248,0.147865636585,0.0
5480,0.960956348635,0.0390355080424,8.14332247557e-06,0.0
12277,0.405790694937,0.101816263421,0.492393041642,2.0
1400,0.879619843684,0.118233323693,0.0021468326231,0.0
6687,0.942201666813,0.0472909279144,0.0105074052723,0.0
11153,0.758057744746,0.201416135567,0.0405261196866,0.0
8313,0.231104481219,0.15907769699,0.609817821791,2.0
5787,0.760818857714,0.234645309101,0.00453583318494,0.0
741,0.621620108976,0.313698870228,0.0646810207963,0.0
16502,0.818259611868,0.119803452696,0.0619369354358,0.0
4036,0.35548212434,0.404895881283,0.239621994378,0.0
5029,0.763815488565,0.218236321857,0.0179481895784,0.0
18158,0.281268906255,0.367430135145,0.351300958599,1.0
18441,0.927718262972,0.0685257906618,0.00375594636658,0.0
4268,0.900892972089,0.0935050951552,0.00560193275565,0.0
4092,0.379435923171,0.27146901886,0.349095057969,0.0
16819,0.916351132223,0.0779386242907,0.00571024348616,0.0
7774,0.29576573279,0.303459328649,0.400774938562,2.0
5824,0.696664739975,0.230247066221,0.0730881938045,0.0
7295,0.398381699185,0.398811567219,0.202806733596,1.0
18146,0.682658328039,0.233491427806,0.0838502441556,0.0
17409,0.342048828962,0.19817799698,0.459773174058,2.0
6095,0.740343444905,0.213735861644,0.0459206934506,0.0
9032,0.791450859488,0.165827749882,0.0427213906292,0.0
5210,0.939505317572,0.0564184513644,0.00407623106409,0.0
11177,0.867864420959,0.130483604677,0.00165197436376,0.0
12324,0.367526240972,0.591779032117,0.0406947269109,1.0
1697,0.7068031,0.266989457597,0.0262074424031,0.0
3106,0.601882946803,0.355257033146,0.0428600200516,1.0
7824,0.807299147707,0.186771634895,0.00592921739809,0.0
2588,0.298148797779,0.350923907915,0.350927294306,0.0
13644,0.920617389067,0.0737524881901,0.00563012274307,0.0
13082,0.971615431158,0.0283845688421,0.0,0.0
8150,0.887179380756,0.108267860128,0.00455275911559,0.0
6234,0.241382627506,0.161254870882,0.597362501611,0.0
10350,0.833079766499,0.163164287134,0.00375594636658,0.0
13538,0.833093730249,0.141579386604,0.0253268831476,0.0
2338,0.872070060891,0.124554689668,0.00337524944031,0.0
17947,0.85,0.15,0.0,0.0
9786,0.485302229631,0.47579353044,0.0389042399286,0.0
9514,0.671121404254,0.281078146964,0.0478004487819,0.0
13670,0.762891582278,0.19952142714,0.0375869905815,0.0
15482,0.536011103042,0.403727867556,0.0602610294017,0.0
12517,0.635178470433,0.311287914775,0.0535336147918,1.0
411,0.389514776358,0.25104083706,0.359444386582,1.0
10237,0.534183251657,0.272135308566,0.193681439777,0.0
12734,0.445726406861,0.256365369932,0.297908223207,0.0
10863,0.825107291854,0.171519465826,0.0033732423201,0.0
11390,0.618975553318,0.334765458541,0.0462589881408,0.0
5260,0.621835134538,0.27469327107,0.103471594392,0.0
8244,0.602819244021,0.395317228666,0.0018635273131,1.0
4161,0.448293622179,0.516846856338,0.034859521483,1.0
16354,0.647709631258,0.295387599006,0.0569027697359,0.0
15236,0.969365206086,0.0297961073826,0.000838686531699,0.0
14877,0.430046852312,0.50729268169,0.062660465998,0.0
4810,0.931151917047,0.064285077936,0.00456300501723,0.0
4637,0.828882269292,0.152844704462,0.0182730262455,0.0
14124,0.575860544419,0.306617340942,0.117522114639,1.0
4737,0.876572346376,0.122385660694,0.00104199293039,0.0
5377,0.425144754436,0.533814743713,0.041040501851,1.0
14696,0.324063574228,0.21005307616,0.465883349612,0.0
2880,0.64121293225,0.289872538853,0.0689145288973,1.0
17021,0.921865737813,0.0726225215568,0.00551174062969,0.0
11043,0.975030090208,0.0240200269821,0.000949882810109,0.0
6,0.541464939279,0.445895712009,0.0126393487129,1.0
2380,0.59225630106,0.258849671862,0.148894027078,1.0
6563,0.626016182369,0.320169212039,0.0538146055916,0.0
2273,0.633601435071,0.304388688942,0.0620098759863,0.0
1743,0.452929779145,0.519250965089,0.0278192557665,1.0
12919,0.333702603221,0.327438317104,0.338859079675,2.0
7922,0.556888921872,0.40058151212,0.042529566008,0.0
8201,0.837058437452,0.152874406911,0.0100671556366,0.0
13659,0.804075235445,0.192821182436,0.00310358211895,0.0
2861,0.537918261262,0.28335893537,0.178722803368,0.0
17883,0.195719534683,0.438664951762,0.365615513555,2.0
17057,0.967274758775,0.0327170979025,8.14332247557e-06,0.0
12316,0.642496813161,0.35303231966,0.00447086717938,0.0
12541,0.644154388102,0.312414079103,0.0434315327945,0.0
363,0.795455883197,0.144910584643,0.0596335321597,0.0
4166,0.577113670933,0.36012142774,0.0627649013265,1.0
8354,0.341727864274,0.386242633958,0.272029501768,0.0
9160,0.2167737339,0.68413613909,0.0990901270103,1.0
1476,0.916385317303,0.0778803932875,0.00573428940974,0.0
8193,0.85442873226,0.119710090363,0.0258611773769,1.0
12708,0.53048219121,0.397958674613,0.0715591341765,1.0
13410,0.493620152479,0.491732734394,0.0146471131271,0.0
12066,0.918989313441,0.0808665820504,0.000144104508363,0.0
8570,0.609242624603,0.336398217949,0.0543591574481,0.0
4204,0.65946498551,0.285316244964,0.0552187695257,0.0
18290,0.933175004943,0.0630690486905,0.00375594636658,0.0
11441,0.342922856906,0.305607502115,0.351469640979,2.0
17975,0.611076728693,0.329272814156,0.0596504571504,1.0
11262,0.343996494591,0.325909156429,0.33009434898,0.0
3768,0.801922184979,0.143959514266,0.0541183007547,0.0
11418,0.929821451699,0.0664226019347,0.00375594636658,0.0
13813,0.237001147146,0.625320115811,0.137678737043,1.0
1665,0.320507870634,0.451923297934,0.227568831432,1.0
4170,0.790749318607,0.190928185195,0.0183224961987,0.0
12798,0.821184888079,0.102799378767,0.0760157331539,0.0
681,0.77074339857,0.186534176086,0.0427224253439,0.0
319,0.698038017965,0.257171338627,0.0447906434082,0.0
17956,0.98052095419,0.0186547473791,0.000824298431247,0.0
429,0.887139592081,0.0791482195236,0.0337121883951,0.0
6663,0.547075179149,0.372931351472,0.0799934693783,1.0
10586,0.619143516806,0.367323556368,0.0135329268262,1.0
8583,0.665314654859,0.279141712734,0.0555436324077,0.0
8030,0.868195508419,0.130363650166,0.00144084141462,0.0
5099,0.904877108055,0.0861878975128,0.00893499443202,0.0
446,0.490352909113,0.486898500872,0.0227485900155,1.0
5725,0.229493800594,0.548600227116,0.22190597229,1.0
15436,0.458378104423,0.274134259649,0.267487635928,0.0
6758,0.943603698934,0.0562328541975,0.000163446868131,0.0
6449,0.983370563584,0.0166212930934,8.14332247557e-06,0.0
4552,0.206898095271,0.267971881513,0.525130023216,1.0
17865,0.390842253662,0.190086644656,0.419071101682,0.0
1645,0.259886412608,0.597440496011,0.142673091381,1.0
1308,0.750900787295,0.240450724505,0.00864848819956,0.0
8781,0.898625114528,0.0983181492032,0.00305673626852,1.0
831,0.896422412287,0.0935115959572,0.0100659917559,0.0
15145,0.544199320872,0.241567313174,0.214233365955,0.0
17654,0.761378646059,0.216549590705,0.0220717632357,0.0
603,0.987571363634,0.0124204930436,8.14332247557e-06,0.0
5962,0.654343638564,0.344859344902,0.000797016534511,0.0
11520,0.575860544419,0.306617340942,0.117522114639,0.0
10341,0.643159958747,0.346653346974,0.010186694279,0.0
5070,0.325830886591,0.138819474647,0.535349638762,0.0
1197,0.937613674782,0.0586175028366,0.00376882238135,0.0
6187,0.505842174217,0.256112214499,0.238045611284,1.0
733,0.527382915438,0.338559628732,0.13405745583,0.0
2242,0.971532298375,0.0284595583024,8.14332247557e-06,0.0
479,0.573649673471,0.357874809206,0.0684755173226,0.0
12362,0.871975186089,0.127880709403,0.000144104508363,0.0
14596,0.710005601035,0.28807321549,0.0019211834748,0.0
6801,0.335950269819,0.305928940533,0.358120789649,1.0
4896,0.525865436415,0.458372163927,0.0157623996577,1.0
3287,0.317313104736,0.535960758141,0.146726137123,1.0
8377,0.721644640467,0.27412543739,0.00422992214281,1.0
14233,0.672698948067,0.271917362771,0.0553836891623,0.0
5065,0.694458611177,0.241308689091,0.0642326997316,0.0
6233,0.940965642517,0.0571738369751,0.0018605205075,0.0
4160,0.710946870513,0.27299401593,0.0160591135578,0.0
16840,0.921705577856,0.0745384757775,0.00375594636658,0.0
18192,0.80666515882,0.168007958032,0.0253268831476,0.0
7711,0.468007849692,0.495502371376,0.036489778931,0.0
7254,0.338157141199,0.443474104298,0.218368754503,1.0
3214,0.641886565519,0.272095944636,0.0860174898444,0.0
14597,0.78227471593,0.192398400923,0.0253268831476,1.0
15086,0.212067448985,0.243235684437,0.544696866578,2.0
8686,0.652812120155,0.343055839808,0.00413204003715,0.0
16989,0.321891395557,0.202205090368,0.475903514076,2.0
420,0.227232292807,0.732761792113,0.04000591508,0.0
16891,0.984397888108,0.0155939685694,8.14332247557e-06,0.0
8046,0.610892289201,0.316927024248,0.0721806865503,1.0
7484,0.847706568848,0.144703583457,0.00758984769451,0.0
14880,0.747838942578,0.20802494023,0.0441361171918,0.0
16049,0.586625223935,0.249433392469,0.163941383596,0.0
227,0.362343626126,0.155616716032,0.482039657843,0.0
1387,0.500976898252,0.494552234569,0.00447086717938,0.0
12011,0.929752318085,0.0658593388681,0.00438834304696,0.0
6123,0.628315940004,0.304159282966,0.0675247770303,0.0
8935,0.533083246586,0.39680780026,0.0701089531538,0.0
2865,0.828703287358,0.145969829494,0.0253268831476,0.0
17241,0.790137552537,0.175014235281,0.0348482121813,0.0
5237,0.768777748133,0.214623491538,0.0165987603288,0.0
3185,0.842264980806,0.156475804391,0.00125921480289,1.0
4691,0.782704988373,0.158769551601,0.0585254600256,0.0
8423,0.774269045606,0.221533381543,0.00419757285137,0.0
17894,0.75447981745,0.205819786974,0.039700395576,0.0
14642,0.961851064785,0.0371990524053,0.000949882810109,0.0
5292,0.946756954722,0.0532349019558,8.14332247557e-06,0.0
3670,0.416196589691,0.534190966207,0.0496124441024,1.0
7301,0.799247261483,0.141322199198,0.0594305393191,1.0
2105,0.790896351388,0.196230921033,0.0128727275783,0.0
1954,0.891160311488,0.100172947721,0.00866674079071,0.0
7699,0.684022788981,0.259688713711,0.0562884973077,0.0
15680,0.444711418725,0.370382361,0.184906220276,1.0
16960,0.985496010841,0.0141837044618,0.000320284697509,0.0
2476,0.884955878582,0.113234050302,0.00181007111609,0.0
4646,0.996200121712,0.00379173496584,8.14332247557e-06,0.0
4826,0.995188745402,0.00480311127523,8.14332247557e-06,0.0
14595,0.385031956026,0.489834008932,0.125134035043,1.0
12970,0.611434582613,0.343945128338,0.044620289049,1.0
9353,0.8353611982,0.161308805139,0.00332999666101,0.0
17222,0.95950365548,0.0393312764197,0.0011650681005,0.0
10057,0.950096975264,0.0498948814137,8.14332247557e-06,0.0
12864,0.278080059618,0.307717912865,0.414202027517,2.0
16999,0.759724009801,0.200214761824,0.0400612283748,0.0
2692,0.697961494551,0.300174978135,0.0018635273131,0.0
14976,0.908484687949,0.0630689251425,0.0284463869084,0.0
6847,0.929117244145,0.0700482115216,0.000834544332887,1.0
15784,0.789183622218,0.123918327139,0.0868980506433,0.0
8439,0.553125747926,0.424652759095,0.0222214929795,1.0
7067,0.280408739713,0.168208778818,0.551382481469,0.0
18113,0.621762924081,0.373826765746,0.00441031017239,1.0
17415,0.759303358063,0.221566740359,0.0191299015778,0.0
12978,0.875292768811,0.0976248403686,0.0270823908199,0.0
5459,0.484825267264,0.492124180913,0.0230505518226,0.0
10742,0.397160839116,0.532424585172,0.070414575712,1.0
497,0.769881428408,0.227970282566,0.00214828902629,0.0
6646,0.748644085187,0.202989643753,0.0483662710599,0.0
12958,0.387547322502,0.219297675798,0.3931550017,0.0
5394,0.673928964329,0.309090130521,0.0169809051503,0.0
12610,0.363197366004,0.600739303277,0.0360633307195,1.0
5926,0.492439901876,0.494579067823,0.0129810303002,0.0
9713,0.992899548411,0.00709230826641,8.14332247557e-06,0.0
7364,0.693512645623,0.288706882049,0.0177804723282,0.0
5311,0.827514385806,0.146739528542,0.0257460856522,0.0
13337,0.771043618414,0.223974922626,0.00498145896005,0.0
11149,0.950051132772,0.0498034750082,0.000145392220075,0.0
6938,0.584074136289,0.370633062365,0.0452928013463,1.0
14109,0.668438350685,0.234830863271,0.0967307860449,0.0
16926,0.755895668278,0.241658537703,0.00244579401928,0.0
5219,0.927424145325,0.0688199083088,0.00375594636658,0.0
14939,0.381486378543,0.460859125629,0.157654495827,1.0
6492,0.82771700522,0.146536909127,0.0257460856522,0.0
4107,0.853512348938,0.107262997026,0.0392246540366,0.0
506,0.433257505693,0.365176879046,0.201565615261,0.0
2435,0.56290414885,0.375653577618,0.0614422735318,1.0
12376,0.50772985327,0.325285483328,0.166984663402,1.0
135,0.868059904045,0.10545252335,0.0264875726055,0.0
9605,0.930336535674,0.0659075179596,0.00375594636658,0.0
13872,0.670531251576,0.294691436494,0.0347773119302,0.0
15057,0.400413631293,0.211293618069,0.388292750638,0.0
11020,0.486208754208,0.470967930793,0.042823314999,1.0
3536,0.856913293497,0.11020078025,0.0328859262533,0.0
14249,0.434409466656,0.123684840413,0.441905692931,2.0
3979,0.652591209889,0.338049815278,0.00935897483337,0.0
8293,0.887925081375,0.106444795882,0.00563012274307,0.0
2987,0.971001446215,0.0289904104625,8.14332247557e-06,0.0
2361,0.222633217029,0.214058602736,0.563308180236,2.0
11595,0.359397629636,0.319340629498,0.321261740867,2.0
15473,0.51830223502,0.189542481381,0.292155283599,0.0
8927,0.938455598581,0.0577884550525,0.00375594636658,0.0
7128,0.3556591291,0.154306416184,0.490034454716,1.0
5580,0.759583765174,0.173280367316,0.0671358675091,0.0
2302,0.746185610427,0.194116287892,0.0596981016817,0.0
3332,0.939063657193,0.0563733377895,0.00456300501723,0.0
15011,0.413749354169,0.544157221505,0.042093424326,1.0
3262,0.33823592567,0.460095639225,0.201668435106,0.0
8459,0.17957882288,0.13355438586,0.68686679126,0.0
3303,0.441813141867,0.533947043639,0.0242398144935,0.0
7207,0.995381053095,0.00461080358292,8.14332247557e-06,0.0
2560,0.983039000913,0.0169528557648,8.14332247557e-06,0.0
5935,0.929752318085,0.0658593388681,0.00438834304696,0.0
17817,0.836436589907,0.156846824912,0.00671658518156,0.0
6081,0.589172229483,0.348822421241,0.0620053492759,0.0
1244,0.594728242923,0.400675366885,0.00459639019193,1.0
784,0.917494750838,0.0787493027958,0.00375594636658,0.0
5703,0.300652580173,0.241287461978,0.458059957849,2.0
4848,0.455903778011,0.376134998149,0.16796122384,0.0
5634,0.356428061438,0.498765811477,0.144806127085,1.0
16696,0.85024662683,0.116867446917,0.0328859262533,0.0
12619,0.888907654386,0.103599412133,0.00749293348134,0.0
15671,0.604268269611,0.391195897204,0.00453583318494,1.0
12676,0.810058647665,0.188994060131,0.000947292203974,0.0
18093,0.537562612946,0.414271679159,0.0481657078954,1.0
11855,0.402825705972,0.544939135537,0.0522351584912,1.0
1456,0.707418792563,0.23764609464,0.0549351127964,0.0
17460,0.181985019945,0.309613740446,0.50840123961,1.0
12099,0.653838647358,0.286246556169,0.0599147964728,0.0
274,0.930336535674,0.0659075179596,0.00375594636658,0.0
105,0.558162443342,0.437381438741,0.00445611791684,1.0
13301,0.56659620904,0.384880268509,0.0485235224509,0.0
12782,0.698818635296,0.256526845233,0.0446545194707,2.0
8928,0.705725128316,0.291002085694,0.00327278599006,0.0
11604,0.751552107495,0.229850050955,0.0185978415505,0.0
16445,0.760229754614,0.199637693094,0.0401325522921,0.0
16694,0.43543443287,0.436725721217,0.127839845914,1.0
646,0.961727088899,0.0361826100975,0.00209030100334,0.0
11171,0.588461483869,0.227068448422,0.18447006771,0.0
18228,0.288610259049,0.22955902829,0.48183071266,2.0
1104,0.337232981721,0.434784022109,0.22798299617,1.0
16966,0.361059263237,0.61502556308,0.0239151736827,0.0
16874,0.701837600571,0.189238146786,0.108924252644,0.0
18127,0.442210622811,0.508011534822,0.0497778423669,1.0
1205,0.984861079808,0.0151307768698,8.14332247557e-06,0.0
3172,0.990108503799,0.00988335287833,8.14332247557e-06,0.0
18535,0.832912010243,0.167000553062,8.74366948075e-05,0.0
8729,0.410700291983,0.210149601822,0.379150106195,1.0
3384,0.700066421186,0.155388596205,0.144544982609,0.0
7640,0.573092046594,0.371343937538,0.0555640158687,0.0
7007,0.818346144501,0.156326972351,0.0253268831476,0.0
11469,0.861804568162,0.137519294315,0.000676137522954,0.0
16837,0.613626031023,0.330571651033,0.0558023179449,1.0
17237,0.760229754614,0.199637693094,0.0401325522921,0.0
19,0.470782465353,0.479648488848,0.0495690457993,1.0
14290,0.860236235171,0.133834547431,0.00592921739809,0.0
6761,0.723499042198,0.261607603033,0.0148933547689,0.0
15850,0.86059052201,0.135653531623,0.00375594636658,0.0
16249,0.946205880811,0.0520474236296,0.00174669555911,0.0
11170,0.920617389067,0.0737524881901,0.00563012274307,0.0
9380,0.525729043214,0.423838071755,0.0504328850307,1.0
1790,0.41047592829,0.576884722998,0.0126393487129,0.0
14735,0.32901622621,0.147677860378,0.523305913411,2.0
14241,0.540633400897,0.40450546267,0.0548611364326,1.0
5689,0.934381999921,0.0551105948066,0.0105074052723,0.0
14799,0.667009647854,0.285472574682,0.047517777464,1.0
15037,0.759303358063,0.221566740359,0.0191299015778,0.0
17745,0.797092351732,0.163136229382,0.0397714188865,1.0
874,0.261445700871,0.120065765963,0.618488533166,2.0
11724,0.754254082202,0.202609096316,0.0431368214825,0.0
12109,0.628172373356,0.326320044843,0.0455075818006,0.0
2589,0.579218379972,0.303111038178,0.117670581849,1.0
1619,0.462557591042,0.454888671657,0.0825537373015,0.0
9224,0.657921555396,0.285720181821,0.0563582627835,0.0
6197,0.698393875102,0.255049185233,0.0465569396655,0.0
6643,0.46818589566,0.449131248038,0.0826828563021,1.0
14544,0.770854113796,0.212547125875,0.0165987603288,1.0
14337,0.764007796257,0.218044014164,0.0179481895784,0.0
16159,0.931879711858,0.065339742975,0.00278054516703,0.0
12623,0.884344105591,0.108747017755,0.00690887665419,0.0
11193,0.409995506905,0.489801156098,0.100203336997,1.0
10700,0.752634767495,0.242954922332,0.00441031017239,0.0
1264,0.579428536537,0.158583670495,0.261987792968,0.0
18386,0.972514791157,0.0274770655208,8.14332247557e-06,0.0
5364,0.97,0.03,0.0,0.0
16123,0.444372435425,0.514593309733,0.0410342548415,0.0
6111,0.261605509825,0.517075702554,0.221318787621,1.0
7607,0.133546346227,0.363628579439,0.502825074334,2.0
14830,0.408707318646,0.550830103862,0.0404625774918,1.0
12961,0.632424602721,0.24547540758,0.122099989699,2.0
16230,0.630810337876,0.167765209964,0.20142445216,0.0
8174,0.495458926055,0.445051817454,0.0594892564907,1.0
15369,0.450070946313,0.445461803882,0.104467249805,0.0
4558,0.985868209573,0.014123647105,8.14332247557e-06,0.0
12259,0.855197810866,0.120301881666,0.0245003074676,0.0
14532,0.634441899965,0.302578001948,0.0629800980874,0.0
6004,0.988349596442,0.0116422602351,8.14332247557e-06,0.0
12646,0.865093520614,0.131785256885,0.00312122250103,0.0
8685,0.890384241245,0.107412024556,0.00220373419813,0.0
11183,0.562014838149,0.366724813456,0.0712603483951,0.0
8953,0.6181062423,0.377357924515,0.00453583318494,1.0
17491,0.678695777982,0.285390005215,0.0359142168034,0.0
13130,0.993330156731,0.0066698432688,0.0,0.0
14740,0.818329803946,0.143487753225,0.0381824428296,0.0
532,0.758382097249,0.216291019603,0.0253268831476,0.0
13907,0.725167665006,0.218545093803,0.0562872411905,1.0
18363,0.358526977719,0.487082028502,0.154390993779,1.0
10422,0.814405668324,0.154124490715,0.0314698409616,0.0
6041,0.262009951934,0.143408697224,0.594581350841,0.0
8590,0.287611160039,0.201594620598,0.510794219363,2.0
17319,0.938467507248,0.0577765463855,0.00375594636658,0.0
14844,0.55777069887,0.354108613683,0.0881206874475,1.0
6719,0.322532682781,0.255060248143,0.422407069075,2.0
417,0.358884768107,0.619118889863,0.0219963420307,1.0
16552,0.50812069754,0.436739983259,0.0551393192015,1.0
2145,0.951602041934,0.0448381333618,0.00355982470394,0.0
13169,0.689280203846,0.294660682596,0.0160591135578,0.0
15657,0.767355558053,0.231729207457,0.00091523449054,0.0
17361,0.932904815349,0.0633392382848,0.00375594636658,0.0
17844,0.983582670717,0.0164091859607,8.14332247557e-06,0.0
16368,0.992581583387,0.00741027329026,8.14332247557e-06,0.0
4652,0.800396994103,0.140261593137,0.0593414127594,0.0
4238,0.319682479209,0.56292585854,0.117391662251,0.0
7490,0.248407122206,0.242532365591,0.509060512203,2.0
8847,0.815496631693,0.121156858813,0.0633465094936,0.0
11995,0.414922723546,0.338737219507,0.246340056946,0.0
7139,0.789499674307,0.206428275854,0.00407204983882,0.0
6002,0.969365206086,0.0297961073826,0.000838686531699,0.0
14402,0.589670976989,0.309369976348,0.100959046664,0.0
14409,0.880874932391,0.087422699181,0.0317023684278,0.0
1098,0.831910213931,0.141635735216,0.0264540508524,0.0
12774,0.6419753379,0.34935279615,0.00867186595038,1.0
5249,0.214210708651,0.156706658482,0.629082632867,2.0
1382,0.279162257115,0.395187830482,0.325649912402,2.0
15226,0.689280203846,0.294660682596,0.0160591135578,1.0
94,0.496793613171,0.423231183735,0.0799752030936,2.0
9591,0.887922663767,0.104584402752,0.00749293348134,0.0
11886,0.623372727155,0.316556826203,0.0600704466421,0.0
1621,0.526051991265,0.425473022489,0.0484749862459,1.0
810,0.486240847516,0.497033094981,0.0167260575032,0.0
8536,0.471302761931,0.52422637089,0.00447086717938,1.0
3169,0.740380829075,0.257600339839,0.00201883108569,1.0
6788,0.308062237382,0.219210756126,0.472727006492,2.0
3111,0.579218379972,0.303111038178,0.117670581849,0.0
4080,0.701151186551,0.281867908299,0.0169809051503,1.0
18193,0.67996363362,0.315439976188,0.00459639019193,1.0
16218,0.125290169402,0.597833650084,0.276876180514,1.0
4246,0.911626466444,0.0826632900701,0.00571024348616,0.0
14125,0.568925379927,0.376224889919,0.0548497301544,0.0
821,0.278237634498,0.430538565674,0.291223799828,1.0
13006,0.915897512425,0.0783681981656,0.00573428940974,0.0
18173,0.741552107495,0.239850050955,0.0185978415505,0.0
11276,0.331737417034,0.3439172197,0.324345363266,0.0
10371,0.980214569196,0.0197772874819,8.14332247557e-06,0.0
9261,0.999584690554,0.000407166123779,8.14332247557e-06,0.0
18297,0.639966798622,0.291281596871,0.068751604507,0.0
912,0.534308673937,0.397888030215,0.0678032958481,1.0
7579,0.597428049403,0.34737172177,0.0552002288269,1.0
10263,0.715185716127,0.282633582267,0.00218070160564,1.0
18391,0.501092363437,0.29859848035,0.200309156212,0.0
16015,0.680044364226,0.227113092027,0.0928425437463,1.0
17938,0.971421353761,0.0285705029168,8.14332247557e-06,0.0
2894,0.643298327272,0.297407278908,0.0592943938202,0.0
6648,0.791190142251,0.170755064843,0.0380547929059,0.0
11137,0.49764598377,0.375861215243,0.126492800987,2.0
17054,0.996200121712,0.00379173496584,8.14332247557e-06,0.0
6495,0.528201796979,0.421249952925,0.0505482500962,0.0
10070,0.980777669619,0.0192141870587,8.14332247557e-06,0.0
11029,0.524801837643,0.427806317658,0.0473918446989,1.0
16043,0.94567570188,0.0505683517537,0.00375594636658,0.0
12529,0.485837251518,0.409433596571,0.104729151911,0.0
9536,0.872715670839,0.125843487747,0.00144084141462,1.0
5281,0.823154280546,0.137762737776,0.039082981678,0.0
14815,0.401100153569,0.560138773768,0.038761072663,0.0
11651,0.557212762645,0.438316370176,0.00447086717938,1.0
6697,0.7477580524,0.20723078239,0.04501116521,0.0
488,0.893359114972,0.0997320083736,0.00690887665419,0.0
9228,0.79649946987,0.178586917139,0.024913612991,1.0
6298,0.441350083696,0.133718803149,0.424931113155,2.0
12674,0.642306903977,0.353282785851,0.00441031017239,0.0
18262,0.860271748649,0.134312002031,0.00541624931951,0.0
3569,0.616924193149,0.301560552613,0.0815152542379,1.0
17870,0.950251963514,0.0495652222998,0.000182814185782,0.0
2074,0.94182163121,0.0544224224238,0.00375594636658,0.0
16700,0.207561096925,0.126770132011,0.665668771064,2.0
8286,0.935922713224,0.062216766268,0.0018605205075,1.0
6739,0.425353842256,0.560686871742,0.013959286002,0.0
13417,0.593636573775,0.337364203108,0.068999223117,0.0
12365,0.665219099346,0.267689975007,0.0670909256468,0.0
6966,0.423266460764,0.53400692565,0.0427266135866,1.0
6572,0.566010091216,0.404089061896,0.0299008468885,0.0
8558,0.65873613205,0.25939241342,0.0818714545299,0.0
11860,0.838448167157,0.159772783777,0.00177904906617,0.0
15193,0.751832667363,0.214891357266,0.0332759753705,0.0
17502,0.883340901244,0.089587759342,0.0270713394145,0.0
13120,0.567576580111,0.410526517079,0.0218969028094,0.0
17275,0.665240494834,0.287241727702,0.047517777464,1.0
16879,0.834796349663,0.139876767189,0.0253268831476,0.0
18392,0.732864589781,0.264729243335,0.00240616688379,1.0
11333,0.74196541573,0.25415415601,0.00388042826038,0.0
16107,0.671323436994,0.179922520918,0.148754042088,0.0
2054,0.904071388017,0.0949312739692,0.000997338014074,0.0
6395,0.745635703413,0.250134374444,0.00422992214281,0.0
14049,0.842587419572,0.15593336405,0.00147921637831,0.0
10894,0.814578907857,0.183495124508,0.00192596763433,0.0
6591,0.543971624397,0.40178340399,0.0542449716127,1.0
11403,0.824283418422,0.125150060039,0.0505665215389,0.0
18213,0.829602355611,0.14507749154,0.0253201528489,0.0
1691,0.999584690554,0.000407166123779,8.14332247557e-06,0.0
13032,0.838836642704,0.135836474149,0.0253268831476,0.0
13322,0.766054435615,0.180298325263,0.0536472391226,0.0
1974,0.75447981745,0.205819786974,0.039700395576,0.0
8387,0.916358033072,0.0782618005991,0.00538016632865,0.0
9942,0.933743348919,0.0625007047148,0.00375594636658,0.0
9577,0.566573907746,0.355600502717,0.0778255895367,0.0
5904,0.991581583387,0.00841027329026,8.14332247557e-06,0.0
7456,0.839890233754,0.153847215515,0.00626255073142,0.0
14265,0.600974953494,0.359236465459,0.0397885810473,0.0
17219,0.890002146828,0.10636270609,0.00363514708201,0.0
1086,0.628315940004,0.304159282966,0.0675247770303,0.0
17788,0.681333986628,0.314436091229,0.00422992214281,0.0
5336,0.978089979304,0.0213699624801,0.000540058216093,0.0
1314,0.338202833987,0.26594888586,0.395848280153,0.0
7208,0.799247261483,0.141322199198,0.0594305393191,0.0
10998,0.679991005357,0.210125504485,0.109883490158,0.0
2143,0.667913477736,0.283805130222,0.048281392042,0.0
1164,0.36044415961,0.18258755705,0.45696828334,2.0
6471,0.348195583672,0.43024340228,0.221561014048,2.0
9099,0.789776425893,0.123423421846,0.086800152261,0.0
13296,0.476819192029,0.461442204707,0.061738603264,1.0
978,0.420299273665,0.553659781371,0.0260409449632,1.0
3645,0.584132147715,0.414748909757,0.0011189425278,0.0
4802,0.703129553133,0.292382690605,0.00448775626186,1.0
10027,0.216472643641,0.16004237964,0.623484976719,1.0
1022,0.39698389665,0.307610951676,0.295405151674,2.0
11848,0.576269142138,0.252848067701,0.170882790162,0.0
15419,0.921105193945,0.0732646833121,0.00563012274307,0.0
3058,0.6808391549,0.314673088838,0.00448775626186,0.0
7001,0.3842225925,0.215885442796,0.399891964705,2.0
8160,0.268020065909,0.324889817866,0.407090116224,0.0
14414,0.203427460164,0.25302931977,0.543543220066,2.0
8415,0.734430387286,0.225544769836,0.040024842878,1.0
12471,0.682391443316,0.303720439267,0.0138881174171,0.0
11077,0.830031252214,0.169794076923,0.000174670863307,0.0
7847,0.708398384707,0.232595358212,0.0590062570802,0.0
6851,0.961200121712,0.0387917349658,8.14332247557e-06,0.0
4852,0.695020306203,0.239013667917,0.0659660258805,0.0
3982,0.782904088488,0.203306607312,0.0137893041998,0.0
8727,0.675049387103,0.194579461806,0.130371151091,0.0
10683,0.789499674307,0.206428275854,0.00407204983882,0.0
9412,0.694160193169,0.303942781451,0.00189702538052,1.0
6288,0.442160531752,0.504805537931,0.0530339303166,1.0
18012,0.855908522743,0.117702389204,0.0263890880536,0.0
6261,0.945504388343,0.0544874683342,8.14332247557e-06,0.0
8481,0.480584579667,0.405005404587,0.114410015745,1.0
7926,0.986584690554,0.0134071661238,8.14332247557e-06,0.0
8789,0.283039250855,0.200352240967,0.516608508178,2.0
2542,0.503967995814,0.471687865759,0.0243441384263,1.0
3571,0.495513396515,0.185626161992,0.318860441493,1.0
5602,0.827249882301,0.151305252867,0.021444864832,0.0
570,0.404201746739,0.554924090802,0.0408741624587,0.0
18452,0.975309458321,0.0246823983565,8.14332247557e-06,0.0
10478,0.31787929905,0.411152052541,0.270968648409,2.0
9793,0.922501757717,0.0737422959165,0.00375594636658,0.0
7516,0.633075699439,0.355792365357,0.0111319352038,1.0
15506,0.177624020691,0.324570615685,0.497805363624,0.0
4969,0.722455705109,0.236381665409,0.0411626294822,0.0
11738,0.298694519024,0.351755044322,0.349550436653,1.0
9037,0.969648168753,0.030169017061,0.000182814185782,0.0
2180,0.533739368284,0.412030340135,0.0542302915805,1.0
4831,0.642824848532,0.297339512621,0.0598356388469,0.0
4524,0.612955060904,0.280901333924,0.106143605172,0.0
897,0.973001382074,0.0260487351161,0.000949882810109,0.0
11590,0.730803358063,0.250066740359,0.0191299015778,0.0
16275,0.235670692006,0.157784518349,0.606544789646,2.0
6421,0.441001196892,0.310830767744,0.248168035363,0.0
12977,0.96449682687,0.0334047288045,0.00209844432582,0.0
