id,predict_0,predict_1,predict_2,real
14121,0.998135147334,0.00186485266586,0.0,1.0
9320,0.997623807619,0.0022216269246,0.000154565456546,0.0
14394,0.530549048369,0.469450951631,0.0,1.0
8218,0.305,0.565,0.13,1.0
14804,0.482759302522,0.495240254975,0.0220004425029,0.0
1080,0.605528444305,0.211496301034,0.182975254661,0.0
9731,0.967240613618,0.0311809337969,0.00157845258466,0.0
15505,0.969545454545,0.0304545454545,0.0,0.0
3443,0.364125509995,0.63578599443,8.84955752212e-05,1.0
13300,0.693924560437,0.235878626967,0.070196812596,1.0
8976,0.336996813926,0.596649090477,0.0663540955967,1.0
7965,0.9806784141,0.0191986993509,0.00012288654892,0.0
10342,0.564525993172,0.427436105547,0.00803790128115,0.0
6741,0.231718798397,0.734490847214,0.0337903543886,1.0
7187,0.608919391043,0.343702972821,0.0473776361354,0.0
16780,0.636253098843,0.363183555689,0.000563345468619,0.0
14195,0.713879450129,0.286045361901,7.51879699248e-05,0.0
14025,0.858532065938,0.120252212722,0.0212157213395,0.0
8548,0.520807615808,0.422823692375,0.056368691817,1.0
9566,0.985453503678,0.0115583053472,0.00298819097475,0.0
15652,0.5,0.25,0.25,0.0
3931,0.40137701964,0.55504079862,0.0435821817398,0.0
4557,0.993641465773,0.00555888597275,0.000799648254395,0.0
3610,0.997156700678,0.00273258133268,0.000110717989386,0.0
16574,0.8762605676,0.115497266541,0.00824216585952,0.0
7504,0.114028779915,0.883055328886,0.00291589119864,1.0
9735,0.956534416263,0.0424087201747,0.00105686356218,0.0
14048,0.53075755314,0.454720587021,0.0145218598389,1.0
6769,0.626051282051,0.359641025641,0.0143076923077,0.0
2514,0.971531572529,0.0239855183248,0.00448290914603,0.0
896,0.779338110439,0.185419011782,0.0352428777789,0.0
4757,0.999824150059,0.000152403282532,2.34466588511e-05,0.0
16358,0.753928131117,0.245106374205,0.000965494678025,1.0
11810,0.811164104037,0.188728369082,0.00010752688172,0.0
7274,0.329099553901,0.611162265173,0.0597381809265,1.0
2972,0.964100649992,0.0357209079039,0.000178442104475,0.0
7392,0.83513178465,0.16486821535,0.0,0.0
6824,0.98862114336,0.0111403806454,0.000238475994574,0.0
4311,0.476666666667,0.0906666666667,0.432666666667,2.0
12261,0.6501519298,0.244715546872,0.105132523328,2.0
14752,0.823454093695,0.126133112906,0.0504127933992,0.0
14992,0.168487804878,0.83133037694,0.000181818181818,2.0
967,0.694514576908,0.138051101478,0.167434321614,2.0
8059,0.948321377301,0.0492030546653,0.00247556803423,0.0
13406,0.700201012896,0.237524969206,0.0622740178982,0.0
11424,0.996771982197,0.00302332648966,0.000204691313836,0.0
3945,0.0312042818912,0.0941493414493,0.874646376659,2.0
10351,0.47,0.31,0.22,2.0
2272,0.919490740741,0.0805092592593,0.0,0.0
10752,0.611531551129,0.388423200002,4.52488687783e-05,1.0
17096,0.09,0.16,0.75,2.0
17314,0.342275595406,0.0935391419726,0.564185262622,2.0
12770,0.288110518671,0.607736822994,0.104152658334,1.0
3304,0.365700223751,0.0685464992013,0.565753277048,1.0
9012,0.894213744644,0.103559811787,0.0022264435686,0.0
9928,0.334077922078,0.00136363636364,0.664558441558,2.0
297,0.603980909874,0.207635437064,0.188383653063,2.0
5751,0.826164450855,0.173783116978,5.24321660975e-05,0.0
17692,0.325298554772,0.674532827614,0.00016861761427,1.0
3688,0.938407771589,0.0615922284107,0.0,0.0
3425,0.290297619048,0.584345238095,0.125357142857,1.0
7871,0.343333333333,0.343333333333,0.313333333333,1.0
10013,0.85245617714,0.147421854141,0.000121968718611,0.0
13832,0.0445182186235,0.945087044534,0.0103947368421,1.0
11743,0.356154751639,0.20455276981,0.439292478551,1.0
10099,0.781794871795,0.167435897436,0.0507692307692,1.0
16682,0.020487804878,0.979512195122,0.0,1.0
10156,0.86513963545,0.134653827767,0.000206536782711,1.0
16154,0.661839200719,0.336415110161,0.00174568912049,0.0
14176,0.32286116524,0.67584886323,0.00128997152944,1.0
14964,0.2025,0.18,0.6175,2.0
12896,0.105,0.355,0.54,2.0
7288,0.216415293315,0.0290909970597,0.754493709625,2.0
15882,0.806990136433,0.163834198999,0.0291756645678,0.0
12441,0.4620244807,0.234511742544,0.303463776756,1.0
17248,0.428692811717,0.568310042806,0.00299714547654,0.0
16745,0.938103096268,0.0597942587809,0.00210264495066,0.0
5315,0.532903761958,0.228586543322,0.23850969472,0.0
17118,0.298667675578,0.686079795151,0.0152525292703,1.0
7725,0.992388242894,0.00732881136951,0.000282945736434,0.0
2311,0.625817164505,0.330517147405,0.0436656880899,0.0
4292,0.97460535863,0.0237205883448,0.00167405302531,0.0
15773,0.997371717945,0.00257584988937,5.24321660975e-05,0.0
6531,0.949824150059,0.0501524032825,2.34466588511e-05,0.0
16009,0.753955466644,0.244435366969,0.00160916638699,0.0
11930,0.959482906119,0.0404646617152,5.24321660975e-05,0.0
8541,0.991275327776,0.00867224005834,5.24321660975e-05,0.0
11019,0.554299023827,0.42414679592,0.0215541802526,0.0
8274,0.916766917293,0.0831578947368,7.51879699248e-05,0.0
722,0.548164651459,0.434742629029,0.0170927195119,0.0
12305,0.535435276839,0.464564723161,0.0,1.0
11444,0.717206386203,0.257923282304,0.0248703314926,1.0
4006,0.531981259831,0.305056679885,0.162962060284,1.0
9231,0.328649243669,0.641325876776,0.0300248795551,1.0
6821,0.988896363854,0.0110127270548,9.09090909091e-05,0.0
12888,0.409545338143,0.589897421394,0.000557240462514,0.0
6779,0.570492135654,0.429366461632,0.000141402714932,0.0
11232,0.630935027294,0.368101478942,0.000963493764498,0.0
11685,0.152727272727,0.573181818182,0.274090909091,2.0
1318,0.375888630094,0.611098623917,0.0130127459892,1.0
909,0.619970135871,0.378226055915,0.00180380821429,1.0
18511,0.55085123127,0.433617553491,0.0155312152389,1.0
16460,0.988368543466,0.0114352822014,0.000196174333106,0.0
12008,0.988025257224,0.0119747427758,0.0,0.0
6811,0.999843137255,0.000156862745098,0.0,0.0
16071,0.68166395048,0.185184366229,0.133151683291,0.0
4486,0.507461933974,0.397823681209,0.0947143848174,0.0
183,0.456232465659,0.489508700881,0.0542588334599,1.0
5729,0.997766507603,0.00217432079913,5.91715976331e-05,0.0
15368,0.635769060086,0.305234820114,0.0589961198009,0.0
5064,0.506931766536,0.276620231778,0.216448001685,0.0
11530,0.974370333604,0.0255449761658,8.46902306136e-05,0.0
14860,0.481453569388,0.503987017997,0.0145594126147,0.0
13166,0.997416666667,0.00253333333333,5e-05,0.0
14528,0.87907778007,0.12092221993,0.0,0.0
4202,0.510454768538,0.402736453407,0.0868087780558,1.0
3916,0.191258057952,0.666096196516,0.142645745533,1.0
11454,0.852761918072,0.146130058185,0.00110802374323,1.0
12297,0.900123471316,0.0882093219713,0.0116672067123,0.0
553,0.286297619048,0.0525,0.661202380952,0.0
10390,0.277060606061,0.584939393939,0.138,1.0
5056,0.882437553134,0.11750689131,5.55555555556e-05,0.0
10503,0.751670958139,0.248329041861,0.0,0.0
1835,0.476955841384,0.465697320523,0.0573468380931,1.0
10085,0.999824150059,0.000152403282532,2.34466588511e-05,0.0
13807,0.48,0.3,0.22,0.0
11318,0.99,0.01,0.0,0.0
533,0.997156700678,0.00273258133268,0.000110717989386,0.0
10538,0.726331010453,0.253425087108,0.020243902439,1.0
11549,0.955313461953,0.0427627709042,0.00192376714299,0.0
16900,0.988499051233,0.0113934218849,0.00010752688172,0.0
599,0.904731429326,0.0930176430376,0.00225092763682,0.0
11700,0.370703414643,0.521400104132,0.107896481225,0.0
18331,0.942136865927,0.056337015526,0.00152611854659,0.0
5381,0.285646045863,0.135762914928,0.578591039209,2.0
13638,0.812840994379,0.112592643011,0.0745663626103,0.0
2703,0.988551704049,0.00393103514573,0.00751726080557,0.0
13686,0.173804347826,0.205,0.621195652174,0.0
6240,0.0557954545455,0.141060606061,0.803143939394,2.0
8546,0.05,0.01,0.94,0.0
4578,0.514282504139,0.483795475342,0.00192202051866,0.0
15870,0.170274509804,0.336882352941,0.492843137255,0.0
17084,0.995285884382,0.0046033976283,0.000110717989386,0.0
4114,0.389935437141,0.531019289495,0.0790452733638,0.0
8011,0.728498220837,0.0504136556056,0.221088123558,0.0
6588,0.97,0.03,0.0,0.0
12490,0.763664147669,0.127752118841,0.10858373349,2.0
3975,0.999824150059,0.000152403282532,2.34466588511e-05,0.0
4720,0.899262486417,0.100669486372,6.80272108844e-05,0.0
15209,0.91904533815,0.0796268572405,0.0013278046094,0.0
6092,0.85437007317,0.131191676818,0.0144382500115,1.0
9426,0.588299151829,0.0458565454154,0.365844302756,0.0
2307,0.998868388302,0.0011081650393,2.34466588511e-05,0.0
13291,0.429180107508,0.556729052692,0.0140908398002,0.0
17245,0.509834013232,0.489553127361,0.00061285940687,1.0
11726,0.999490816725,0.00043018106031,7.90022144067e-05,0.0
15486,0.421248902201,0.495787254499,0.0829638433007,0.0
9033,0.675190608291,0.307843943469,0.0169654482394,2.0
9959,0.29268802607,0.579986072629,0.1273259013,0.0
3798,0.999824150059,0.000152403282532,2.34466588511e-05,0.0
15624,0.313333333333,0.436666666667,0.25,1.0
5995,0.880365402142,0.119559409888,7.51879699248e-05,0.0
9644,0.553093504682,0.42943889752,0.0174675977981,0.0
10779,0.969843137255,0.0301568627451,0.0,0.0
9734,0.593189039067,0.406735772963,7.51879699248e-05,1.0
14954,0.656275102281,0.213889046459,0.12983585126,1.0
15493,0.917909305285,0.0794834911978,0.0026072035176,0.0
6222,0.148089974899,0.841277155561,0.0106328695404,1.0
17390,0.581819862213,0.417956721577,0.000223416210142,1.0
6826,0.177871746722,0.815306263409,0.00682198986971,1.0
8611,0.38,0.43,0.19,2.0
9087,0.952799765344,0.0453686129429,0.0018316217129,0.0
17472,0.389209420054,0.580858959899,0.0299316200472,1.0
12760,0.720551874652,0.279340598466,0.00010752688172,0.0
4963,0.249417054266,0.236359107951,0.514223837783,2.0
6225,0.19,0.32,0.49,1.0
7959,0.742909416551,0.245735316246,0.0113552672036,0.0
1773,0.610427425189,0.382391638075,0.00718093673623,1.0
6136,0.94,0.06,0.0,1.0
5965,0.288649830523,0.69156041456,0.019789754916,1.0
5390,0.610868210514,0.38907935732,5.24321660975e-05,0.0
13663,0.472174358974,0.183292307692,0.344533333333,2.0
4501,0.926616210683,0.0710568539808,0.00232693533578,0.0
13442,0.20252173913,0.68747826087,0.11,1.0
6958,0.989132787605,0.0098454178524,0.00102179454288,0.0
16339,0.212062012849,0.710723592311,0.0772143948399,0.0
9372,0.518438228438,0.371317016317,0.110244755245,0.0
5576,0.479245778479,0.518049057747,0.00270516377332,1.0
663,0.1,0.2,0.7,0.0
1473,0.325793854256,0.635117864704,0.0390882810403,1.0
949,0.398699448908,0.504166201189,0.0971343499022,0.0
10513,0.191165078427,0.620634941611,0.188199979962,0.0
14289,0.460940145793,0.505368403861,0.0336914503458,1.0
15260,0.943382331472,0.0566176685279,0.0,0.0
9812,0.828461538462,0.170769230769,0.000769230769231,0.0
4916,0.105781799899,0.278293112117,0.615925087984,2.0
17515,0.63750460938,0.267335451367,0.0951599392538,2.0
17388,0.99116242142,0.00864877402637,0.00018880455408,0.0
4450,0.993340870392,0.00584300053459,0.000816129073527,0.0
16258,0.96810885179,0.0195855221255,0.0123056260846,0.0
10528,0.230281594526,0.768949021612,0.000769383861902,0.0
4003,0.842717574499,0.157282425501,0.0,1.0
3954,0.511032638344,0.488266032435,0.000701329220827,1.0
13945,0.532806070066,0.463777884136,0.00341604579881,1.0
15607,0.631243253565,0.360885298179,0.00787144825611,0.0
11897,0.490984422018,0.185438010908,0.323577567074,0.0
12609,0.988516012278,0.0107458065837,0.000738181138112,0.0
10122,1.0,0.0,0.0,0.0
7886,0.987605413753,0.012394586247,0.0,0.0
15771,0.997683627711,0.00134985465453,0.000966517634,0.0
17681,0.258009108951,0.683440784833,0.0585501062161,0.0
15863,0.451468722519,0.39403825384,0.154493023641,2.0
17690,0.1065995671,0.221534632035,0.671865800866,1.0
8606,0.999824150059,0.000152403282532,2.34466588511e-05,0.0
11362,0.676978025709,0.322877923161,0.000144051130777,0.0
4604,0.550899127551,0.313477407879,0.13562346457,0.0
5480,0.999843137255,0.000156862745098,0.0,0.0
12277,0.48,0.02,0.5,2.0
1400,0.93289414936,0.0670502950843,5.55555555556e-05,0.0
6687,0.987623807619,0.0122216269246,0.000154565456546,0.0
11153,0.987641368096,0.0107952968683,0.00156333503592,0.0
8313,0.0224467061336,0.0102445795446,0.967308714322,2.0
5787,0.981778689877,0.0180984235737,0.00012288654892,0.0
741,0.535531189989,0.449901235821,0.0145675741906,0.0
16502,0.998359149533,0.000902669328788,0.000738181138112,0.0
4036,0.294925465839,0.44747826087,0.257596273292,0.0
5029,0.891909217895,0.105370511376,0.00272027072909,0.0
18158,0.187987804878,0.189512195122,0.6225,1.0
18441,0.998135147334,0.00186485266586,0.0,0.0
4268,0.994429048185,0.00557095181491,0.0,0.0
4092,0.371324786325,0.167457264957,0.461217948718,0.0
16819,0.997605413753,0.002394586247,0.0,0.0
7774,0.192417155425,0.152543100787,0.655039743788,2.0
5824,0.762257871073,0.165847719936,0.0718944089908,0.0
7295,0.450724274779,0.341278851014,0.207996874207,1.0
18146,0.784069591036,0.152074677593,0.0638557313712,0.0
17409,0.57,0.15,0.28,2.0
6095,0.812880436014,0.18570515838,0.00141440560519,0.0
9032,0.948669868738,0.0379829208191,0.0133472104429,0.0
5210,0.988868388302,0.0111081650393,2.34466588511e-05,0.0
11177,0.89922152781,0.100726040024,5.24321660975e-05,0.0
12324,0.201743237333,0.766047060649,0.0322097020181,1.0
1697,0.771476026835,0.225016810638,0.00350716252723,0.0
3106,0.519157593936,0.479221556864,0.00162084919957,1.0
7824,0.93979187352,0.0601110436116,9.7082868822e-05,0.0
2588,0.174090909091,0.365,0.460909090909,0.0
13644,0.997156700678,0.00273258133268,0.000110717989386,0.0
13082,1.0,0.0,0.0,0.0
8150,0.846258498192,0.153718055149,2.34466588511e-05,0.0
6234,0.16901863354,0.07,0.76098136646,0.0
10350,0.822037837475,0.177938715866,2.34466588511e-05,0.0
13538,0.992388242894,0.00732881136951,0.000282945736434,0.0
2338,0.981926909002,0.0178946488934,0.000178442104475,0.0
17947,0.898655913978,0.10123655914,0.00010752688172,0.0
9786,0.473836162268,0.515602867163,0.0105609705696,0.0
9514,0.927525760366,0.0609431626629,0.0115310769714,0.0
13670,0.985364119483,0.0134345529912,0.00120132752625,0.0
15482,0.46142394758,0.512518277823,0.0260577745972,0.0
12517,0.463830383536,0.51800683858,0.0181627778837,1.0
411,0.502914254205,0.18556175903,0.311523986766,1.0
10237,0.451434115362,0.207099619902,0.341466264737,0.0
12734,0.534934460964,0.230366896176,0.23469864286,0.0
10863,0.87901194947,0.120880523649,0.00010752688172,0.0
11390,0.833875283385,0.165005171328,0.00111954528658,0.0
5260,0.68042574777,0.297809399482,0.0217648527473,0.0
8244,0.314763431265,0.685105825209,0.00013074352548,1.0
4161,0.290281787552,0.700741274241,0.00897693820748,1.0
16354,0.648178537051,0.287521918421,0.064299544528,0.0
15236,0.998121264953,0.00165911405532,0.000219620991957,0.0
14877,0.285687786648,0.502673635168,0.211638578184,0.0
4810,0.9984625912,0.00148497663351,5.24321660975e-05,0.0
4637,0.948321377301,0.0492030546653,0.00247556803423,0.0
14124,0.520026623274,0.233425689064,0.246547687662,1.0
4737,0.894649178139,0.105301802253,4.90196078431e-05,0.0
5377,0.314766459518,0.657601703771,0.0276318367114,1.0
14696,0.274679342812,0.178095418762,0.547225238426,0.0
2880,0.68913732839,0.261430207889,0.0494324637212,1.0
17021,0.984626690349,0.0153733096513,0.0,0.0
11043,1.0,0.0,0.0,0.0
6,0.565027350413,0.434409304119,0.000563345468619,1.0
2380,0.816546032388,0.172675057563,0.0107789100494,1.0
6563,0.632736580937,0.324122802198,0.0431406168647,0.0
2273,0.793621077857,0.191465274405,0.0149136477377,0.0
1743,0.419142938211,0.573526618998,0.00733044279101,1.0
12919,0.237151515152,0.119196969697,0.643651515152,2.0
7922,0.599072328642,0.396632776144,0.00429489521416,0.0
8201,0.960486254158,0.0383786978917,0.00113504795007,0.0
13659,0.901702698252,0.0981710026408,0.000126299107174,0.0
2861,0.756605018117,0.212834713032,0.0305602688517,0.0
17883,0.121428571429,0.438571428571,0.44,2.0
17057,0.999866666667,0.000133333333333,0.0,0.0
12316,0.648111994969,0.351842756162,4.52488687783e-05,0.0
12541,0.637509910797,0.333267706853,0.0292223823504,0.0
363,0.974552210005,0.012076859408,0.0133709305869,0.0
4166,0.518733933158,0.406815175022,0.0744508918193,1.0
8354,0.18375,0.326480263158,0.489769736842,0.0
9160,0.261080937893,0.709166149111,0.0297529129956,1.0
1476,0.999759036145,0.000240963855422,0.0,0.0
8193,0.908778818073,0.0910524706907,0.000168711235865,1.0
12708,0.49195220963,0.421923630882,0.0861241594883,1.0
13410,0.47379168422,0.526163066911,4.52488687783e-05,0.0
12066,0.975310967793,0.0245596097102,0.000129422496632,0.0
8570,0.509298922412,0.462049968506,0.0286511090815,0.0
4204,0.801838147732,0.170393222245,0.0277686300233,0.0
18290,0.99969470022,0.00028185312072,2.34466588511e-05,0.0
11441,0.515450856278,0.148985476489,0.335563667233,2.0
17975,0.632975016335,0.292211348755,0.0748136349093,1.0
11262,0.249696969697,0.28696969697,0.463333333333,0.0
3768,0.947577728184,0.0190508387169,0.0333714330995,0.0
11418,0.99969470022,0.00028185312072,2.34466588511e-05,0.0
13813,0.0949280115705,0.810058469922,0.0950135185073,1.0
1665,0.269369408369,0.660756854257,0.0698737373737,1.0
4170,0.954731429326,0.0430176430376,0.00225092763682,0.0
12798,0.998843881131,0.000581872157461,0.000574246711882,0.0
681,0.894832772197,0.0974327599013,0.00773446790178,0.0
319,0.838008610628,0.156477731025,0.00551365834674,0.0
17956,0.949843137255,0.0501568627451,0.0,0.0
429,0.999490816725,0.00043018106031,7.90022144067e-05,0.0
6663,0.325793854256,0.605117864704,0.0690882810403,1.0
10586,0.411401295784,0.587037670561,0.00156103365468,1.0
8583,0.800009703704,0.170487831489,0.029502464807,0.0
8030,0.827077064185,0.172799203881,0.000123731934252,0.0
5099,0.947139341039,0.0527616490605,9.90099009901e-05,0.0
446,0.441891989325,0.5472638066,0.0108442040751,1.0
5725,0.14,0.82,0.04,1.0
15436,0.359592132505,0.487756038647,0.152651828847,0.0
6758,0.986476117014,0.0133944604895,0.000129422496632,0.0
6449,0.999843137255,0.000156862745098,0.0,0.0
4552,0.1,0.3,0.6,1.0
17865,0.36137148612,0.0815058024188,0.557122711461,0.0
1645,0.0925058275058,0.907494172494,0.0,1.0
1308,0.681101965097,0.318756632188,0.000141402714932,0.0
8781,0.903060146243,0.0968874215909,5.24321660975e-05,1.0
831,0.948423280423,0.0515211640212,5.55555555556e-05,0.0
15145,0.724432599611,0.174938812576,0.100628587813,0.0
17654,0.787643819375,0.198842969358,0.0135132112673,0.0
603,0.99,0.01,0.0,0.0
5962,0.50314649249,0.49685350751,0.0,0.0
11520,0.520026623274,0.233425689064,0.246547687662,0.0
10341,0.729741197638,0.269818071821,0.000440730540577,0.0
5070,0.219542686072,0.0482467663056,0.732210547622,0.0
1197,0.997333788462,0.00241760503884,0.000248606499203,0.0
6187,0.53,0.34,0.13,1.0
733,0.683925895931,0.255285871856,0.0607882322125,0.0
2242,0.959843137255,0.0401568627451,0.0,0.0
479,0.523504357234,0.434561840902,0.0419338018641,0.0
12362,0.85417763446,0.145692943044,0.000129422496632,0.0
14596,0.753069627029,0.246799629446,0.00013074352548,0.0
6801,0.164666666667,0.402333333333,0.433,1.0
4896,0.559665178275,0.39761611916,0.0427187025653,1.0
3287,0.350079939094,0.499086410354,0.150833650552,1.0
8377,0.836710521637,0.163136702612,0.000152775750499,1.0
14233,0.807343640334,0.160080839065,0.0325755206016,0.0
5065,0.798839883527,0.176447493482,0.0247126229916,0.0
6233,0.988604327099,0.0112411074441,0.000154565456546,0.0
4160,0.68093743846,0.31725352772,0.00180903381968,0.0
16840,0.95719470022,0.0427818531207,2.34466588511e-05,0.0
18192,0.932804909561,0.0670788113695,0.000116279069767,0.0
7711,0.549022589602,0.447623833177,0.00335357722141,0.0
7254,0.224182357302,0.665811906527,0.110005736171,1.0
3214,0.810203585213,0.167656881323,0.0221395334641,0.0
14597,0.741583333333,0.258366666667,5e-05,1.0
15086,0.14,0.13,0.73,2.0
8686,0.603490826573,0.39385059736,0.00265857606684,0.0
16989,0.279714285714,0.170285714286,0.55,2.0
420,0.173289371173,0.735226602171,0.0914840266559,0.0
16891,0.999824150059,0.000152403282532,2.34466588511e-05,0.0
8046,0.673868951149,0.251038703008,0.0750923458432,1.0
7484,0.974618385082,0.0252845320497,9.7082868822e-05,0.0
14880,0.79284891471,0.171911684782,0.0352394005083,0.0
16049,0.632081586757,0.191973905398,0.175944507845,0.0
227,0.227774936061,0.155882352941,0.616342710997,0.0
1387,0.401425026331,0.598433570954,0.000141402714932,0.0
12011,0.99708394816,0.00286361967354,5.24321660975e-05,0.0
6123,0.5842501381,0.349924113157,0.0658257487428,0.0
8935,0.404926605023,0.550026990068,0.0450464049093,0.0
2865,0.98825,0.0117,5e-05,0.0
17241,0.993214356858,0.00562344002153,0.00116220312056,0.0
5237,0.914187191877,0.0846042818674,0.00120852625579,0.0
3185,0.835626518754,0.164253044407,0.000120436838703,1.0
4691,0.675064935065,0.204677128427,0.120257936508,0.0
8423,0.977592699343,0.0222844141081,0.00012288654892,0.0
17894,0.986828260856,0.0116561174409,0.00151562170337,0.0
14642,1.0,0.0,0.0,0.0
5292,0.999843137255,0.000156862745098,0.0,0.0
3670,0.234737046491,0.746951854863,0.0183110986457,1.0
7301,0.992201502293,0.00293716316119,0.00486133454601,1.0
2105,0.780277686865,0.218442759818,0.00127955331732,0.0
1954,0.94850001957,0.0513919927085,0.000107987721653,0.0
7699,0.843457792568,0.141532893031,0.0150093144008,0.0
15680,0.398669536789,0.456026192241,0.14530427097,1.0
16960,0.999824150059,0.000152403282532,2.34466588511e-05,0.0
2476,0.899461457866,0.100538542134,0.0,0.0
4646,1.0,0.0,0.0,0.0
4826,0.999843137255,0.000156862745098,0.0,0.0
14595,0.282287101922,0.617149517796,0.100563380282,1.0
12970,0.488606676223,0.511224706162,0.00016861761427,1.0
9353,0.760293427122,0.239661324009,4.52488687783e-05,0.0
17222,0.9742822109,0.0255914899924,0.000126299107174,0.0
10057,0.979843137255,0.0201568627451,0.0,0.0
12864,0.234307692308,0.200769230769,0.564923076923,2.0
16999,0.906558150738,0.0741750013679,0.0192668478936,0.0
2692,0.530260730338,0.46964210523,9.71644321159e-05,0.0
14976,0.999490816725,0.00043018106031,7.90022144067e-05,0.0
6847,0.929618320611,0.0703816793893,0.0,1.0
15784,0.998359149533,0.000902669328788,0.000738181138112,0.0
8439,0.327221309243,0.668992744963,0.00378594579466,1.0
7067,0.202827252141,0.146192741552,0.650980006307,0.0
18113,0.482952071493,0.516959432932,8.84955752212e-05,1.0
17415,0.907427343047,0.0902800492302,0.0022926077227,0.0
12978,0.999418352957,0.000529214876735,5.24321660975e-05,0.0
5459,0.291961781909,0.706708176589,0.0013300415016,0.0
10742,0.266956131834,0.711634546488,0.0214093216779,1.0
497,0.798694776049,0.201252791785,5.24321660975e-05,0.0
6646,0.98213432267,0.0172688949533,0.000596782376366,0.0
12958,0.177941176471,0.123882352941,0.698176470588,0.0
5394,0.599781264608,0.398512499974,0.00170623541877,0.0
12610,0.238047644338,0.730816044742,0.0311363109199,1.0
5926,0.624214458786,0.371861700952,0.00392384026201,0.0
9713,1.0,0.0,0.0,0.0
7364,0.510647599591,0.488201641623,0.00115075878596,0.0
5311,0.964210898415,0.035581348645,0.000207752939503,0.0
13337,0.565788311119,0.43405891313,0.000152775750499,0.0
11149,0.968420130345,0.0314307338971,0.000149135758281,0.0
6938,0.387188105727,0.60499343263,0.00781846164284,1.0
14109,0.730912624839,0.1268979456,0.142189429561,0.0
16926,0.525718036274,0.474281963726,0.0,0.0
5219,0.998135147334,0.00186485266586,0.0,0.0
14939,0.275166876135,0.689681608714,0.0351515151515,1.0
6492,0.923034427827,0.0767578192333,0.000207752939503,0.0
4107,0.938014469846,0.0614933413618,0.00049218879239,0.0
506,0.233414769412,0.258334726312,0.508250504275,0.0
2435,0.523532639805,0.441462529978,0.035004830217,1.0
12376,0.49938937211,0.340002095763,0.160608532126,1.0
135,0.99844548474,0.00133024846847,0.00022426679142,0.0
9605,0.98969470022,0.0102818531207,2.34466588511e-05,0.0
13872,0.714719399268,0.273258876351,0.0120217243808,0.0
15057,0.628223087647,0.103149167217,0.268627745136,0.0
11020,0.474573807612,0.523449701062,0.0019764913265,1.0
3536,0.988655913978,0.0112365591398,0.00010752688172,0.0
14249,0.33,0.17,0.5,2.0
3979,0.5218157609,0.478095743525,8.84955752212e-05,0.0
8293,0.907156700678,0.0927325813327,0.000110717989386,0.0
2987,1.0,0.0,0.0,0.0
2361,0.115337941628,0.0309677419355,0.853694316436,2.0
11595,0.441537608813,0.325843056083,0.232619335104,2.0
15473,0.73,0.11,0.16,0.0
8927,0.99969470022,0.00028185312072,2.34466588511e-05,0.0
7128,0.29,0.14,0.57,1.0
5580,0.87188749494,0.104812703697,0.0232998013628,0.0
2302,0.828870854733,0.146604725587,0.0245244196808,0.0
3332,0.998352701091,0.0015948667434,5.24321660975e-05,0.0
15011,0.188865289872,0.807418285232,0.00371642489551,1.0
3262,0.170569358178,0.663716356108,0.165714285714,0.0
8459,0.131304347826,0.01,0.858695652174,0.0
3303,0.430892495664,0.558262082641,0.0108454216953,0.0
7207,0.999843137255,0.000156862745098,0.0,0.0
2560,0.99,0.01,0.0,0.0
5935,0.99708394816,0.00286361967354,5.24321660975e-05,0.0
17817,0.801881312197,0.197353179948,0.000765507855718,0.0
6081,0.493066958613,0.471741627682,0.0351914137043,0.0
1244,0.424129738555,0.575728858731,0.000141402714932,1.0
784,0.978868388302,0.0211081650393,2.34466588511e-05,0.0
5703,0.135349745971,0.302812402424,0.561837851605,2.0
4848,0.508175103624,0.387462088744,0.104362807633,0.0
5634,0.13184015984,0.836341658342,0.0318181818182,1.0
16696,0.968655913978,0.0312365591398,0.00010752688172,0.0
12619,0.995285884382,0.0046033976283,0.000110717989386,0.0
15671,0.234294323491,0.765617180934,8.84955752212e-05,1.0
12676,0.914132320101,0.0856486395038,0.000219040395073,0.0
18093,0.511529627623,0.479209287304,0.00926108507311,1.0
11855,0.340101525941,0.618360551253,0.0415379228058,1.0
1456,0.848902439024,0.140853658537,0.010243902439,0.0
17460,0.08,0.54,0.38,1.0
12099,0.72578475426,0.258268301969,0.0159469437705,0.0
274,0.99969470022,0.00028185312072,2.34466588511e-05,0.0
105,0.524771809472,0.475120663646,0.00010752688172,1.0
13301,0.576527214839,0.396837472427,0.0266353127342,0.0
12782,0.571508120346,0.413662079305,0.0148298003493,2.0
8928,0.609116636537,0.390741960748,0.000141402714932,0.0
11604,0.811512396768,0.186261159664,0.0022264435686,0.0
16445,0.903048679536,0.0757522638176,0.0211990566468,0.0
16694,0.260841954107,0.713653414635,0.0255046312581,1.0
646,0.949870111288,0.0500808691044,4.90196078431e-05,0.0
11171,0.569508201038,0.314050873371,0.116440925591,0.0
18228,0.127916666667,0.15,0.722083333333,2.0
1104,0.504669392657,0.270412016363,0.22491859098,1.0
16966,0.402367603132,0.597506452284,0.000125944584383,0.0
16874,0.891243071713,0.0778037654309,0.0309531628565,0.0
18127,0.591654111384,0.404536218403,0.00380967021302,1.0
1205,0.999824150059,0.000152403282532,2.34466588511e-05,0.0
3172,0.979843137255,0.0201568627451,0.0,0.0
18535,0.808287037037,0.191712962963,0.0,0.0
8729,0.29,0.53,0.18,1.0
3384,0.874006840593,0.0941960435453,0.0317971158617,0.0
7640,0.594490665539,0.324178120213,0.081331214248,0.0
7007,0.917416666667,0.0825333333333,5e-05,0.0
11469,0.847686588032,0.151938880133,0.000374531835206,0.0
16837,0.555413106889,0.406640625931,0.0379462671809,1.0
17237,0.909890642321,0.0721236545666,0.0179857031124,0.0
19,0.375156514584,0.526215573142,0.0986279122738,1.0
14290,0.963619426759,0.0362834903719,9.7082868822e-05,0.0
6761,0.701574528496,0.297973664371,0.000451807133134,0.0
15850,0.925922917118,0.0740770828817,0.0,0.0
16249,0.986000544662,0.0139994553377,0.0,0.0
11170,0.997156700678,0.00273258133268,0.000110717989386,0.0
9380,0.342720746119,0.649512174765,0.0077670791157,1.0
1790,0.113404212113,0.886032442418,0.000563345468619,0.0
14735,0.291546430693,0.0801619132501,0.628291656056,2.0
14241,0.264416643877,0.697407357644,0.0381759984784,1.0
5689,0.987623807619,0.0122216269246,0.000154565456546,0.0
14799,0.794335905212,0.203175467501,0.00248862728711,1.0
15037,0.907697613317,0.0900097789599,0.0022926077227,0.0
17745,0.984483422942,0.0116946390664,0.00382193799194,1.0
874,0.0640909090909,0.0331818181818,0.902727272727,2.0
11724,0.841091453679,0.153912079305,0.00499646701599,0.0
12109,0.778775258253,0.204728886586,0.0164958551606,0.0
2589,0.421715495617,0.428013901008,0.150270603376,1.0
1619,0.379072870234,0.488642132858,0.132284996909,0.0
9224,0.755531048649,0.208524798527,0.0359441528244,0.0
6197,0.706488756009,0.24918462194,0.0443266220519,0.0
6643,0.406897502058,0.502413012285,0.0906894856568,1.0
14544,0.783400955043,0.21489669154,0.00170235341628,1.0
14337,0.823498427108,0.173781302163,0.00272027072909,0.0
16159,0.949333877996,0.0506661220044,0.0,0.0
12623,0.963382331472,0.0366176685279,0.0,0.0
11193,0.521687259518,0.37177473707,0.106538003411,1.0
10700,0.970421878152,0.0294552352986,0.00012288654892,0.0
1264,0.656406706626,0.252359031782,0.0912342615913,0.0
18386,0.99475547673,0.00504834893664,0.000196174333106,0.0
5364,0.929824150059,0.0701524032825,2.34466588511e-05,0.0
16123,0.367610776201,0.626062482205,0.0063267415946,0.0
6111,0.0951724941725,0.804827505828,0.1,1.0
7607,0.0761082693947,0.252882352941,0.671009377664,2.0
14830,0.267310396444,0.729801189307,0.00288841424893,1.0
12961,0.781654056341,0.207089932003,0.0112560116567,2.0
16230,0.582994206711,0.0607921186262,0.356213674663,0.0
8174,0.362840358476,0.594383959632,0.0427756818918,1.0
15369,0.371228771816,0.617894370237,0.0108768579471,0.0
4558,0.98989010989,0.0101098901099,0.0,0.0
12259,0.818270754553,0.170306641391,0.0114226040554,0.0
14532,0.611628359603,0.308178193652,0.0801934467448,0.0
6004,0.999843137255,0.000156862745098,0.0,0.0
12646,0.929257008998,0.0706905588357,5.24321660975e-05,0.0
8685,0.958783522935,0.0411874915577,2.89855072464e-05,0.0
11183,0.465339628357,0.46533611215,0.0693242594931,0.0
8953,0.332772276275,0.66713922815,8.84955752212e-05,1.0
17491,0.856457601614,0.141788461309,0.00175393707724,0.0
13130,1.0,0.0,0.0,0.0
14740,0.99692510338,0.00254519617741,0.000529700442761,0.0
532,0.725083333333,0.274866666667,5e-05,0.0
13907,0.801882541705,0.184613573401,0.0135038848939,1.0
18363,0.331572963518,0.384930034983,0.283497001499,1.0
10422,0.993055867082,0.00617983819854,0.000764294719042,0.0
6041,0.300714285714,0.01,0.689285714286,0.0
8590,0.28,0.37,0.35,2.0
17319,0.998868388302,0.0011081650393,2.34466588511e-05,0.0
14844,0.622002533401,0.322837796952,0.0551596696476,1.0
6719,0.134977242616,0.158909280731,0.706113476653,2.0
417,0.340091736245,0.656743158952,0.00316510480326,1.0
16552,0.277243291813,0.678137084064,0.0446196241233,1.0
2145,0.998121264953,0.00165911405532,0.000219620991957,0.0
13169,0.660508867031,0.337682099149,0.00180903381968,0.0
15657,0.792906286965,0.206962969509,0.00013074352548,0.0
17361,0.98969470022,0.0102818531207,2.34466588511e-05,0.0
17844,0.999824150059,0.000152403282532,2.34466588511e-05,0.0
16368,0.999843137255,0.000156862745098,0.0,0.0
4652,0.992201502293,0.00293716316119,0.00486133454601,0.0
4238,0.00253246753247,0.955649350649,0.0418181818182,0.0
7490,0.206636476427,0.108006203474,0.685357320099,2.0
8847,0.998516012278,0.00074580658369,0.000738181138112,0.0
11995,0.357321341691,0.282675322932,0.360003335377,0.0
7139,0.981707531879,0.0181695815722,0.00012288654892,0.0
6002,0.998121264953,0.00165911405532,0.000219620991957,0.0
14402,0.623774625091,0.249430596369,0.126794778541,0.0
14409,0.999490816725,0.00043018106031,7.90022144067e-05,0.0
1098,0.988778818073,0.0110524706907,0.000168711235865,0.0
12774,0.60187048231,0.398003573105,0.000125944584383,1.0
5249,0.150714285714,0.01,0.839285714286,2.0
1382,0.00817851446799,0.616797789929,0.375023695603,2.0
15226,0.499270771793,0.498920194387,0.00180903381968,1.0
94,0.476553403802,0.49476670668,0.0286798895182,2.0
9591,0.985285884382,0.0146033976283,0.000110717989386,0.0
11886,0.641749816968,0.324007642681,0.0342425403512,0.0
1621,0.328609873679,0.661345951815,0.0100441745055,1.0
810,0.409446835036,0.588858111526,0.00169505343838,0.0
8536,0.217149860568,0.782708736717,0.000141402714932,1.0
3169,0.782183569566,0.217816430434,0.0,1.0
6788,0.376047619048,0.0812857142857,0.542666666667,2.0
3111,0.473615262516,0.380568679562,0.145816057921,0.0
4080,0.726258762033,0.272035002549,0.00170623541877,1.0
18193,0.503334543819,0.496524053466,0.000141402714932,1.0
16218,0.151666666667,0.555666666667,0.292666666667,1.0
4246,0.997605413753,0.002394586247,0.0,0.0
14125,0.592204963088,0.311382073206,0.0964129637054,0.0
821,0.12,0.75,0.13,1.0
13006,0.999759036145,0.000240963855422,0.0,0.0
18173,0.791694398674,0.206079157757,0.0022264435686,0.0
11276,0.323092053072,0.451837796917,0.225070150011,0.0
10371,1.0,0.0,0.0,0.0
9261,1.0,0.0,0.0,0.0
18297,0.832720513898,0.124947443429,0.0423320426731,0.0
912,0.451598266164,0.510433220537,0.0379685132994,1.0
7579,0.647157697631,0.321513736529,0.0313285658406,1.0
10263,0.639843137255,0.360156862745,0.0,1.0
18391,0.783718757468,0.195956224807,0.0203250177242,0.0
16015,0.897395729412,0.0905190551068,0.0120852154809,1.0
17938,0.948441766349,0.0514592237504,9.90099009901e-05,0.0
2894,0.579499147753,0.385138366252,0.0353624859953,0.0
6648,0.98478681893,0.0118799788524,0.00333320221719,0.0
11137,0.259436958092,0.352769979712,0.387793062196,2.0
17054,0.999843137255,0.000156862745098,0.0,0.0
6495,0.691325264383,0.298111381161,0.0105633544564,0.0
10070,0.989866666667,0.0101333333333,0.0,0.0
11029,0.380147639244,0.616692299785,0.0031600609708,1.0
16043,0.998758498192,0.00121805514919,2.34466588511e-05,0.0
12529,0.506626157703,0.401194829457,0.0921790128393,0.0
9536,0.871643812678,0.128264713452,9.14738697355e-05,1.0
5281,0.955718029656,0.0434755329547,0.000806437389771,0.0
14815,0.330147737914,0.667860492298,0.00199176978849,0.0
11651,0.618351943052,0.381506654233,0.000141402714932,1.0
6697,0.97244436128,0.025836960844,0.00171867787641,0.0
488,0.953382331472,0.0466176685279,0.0,0.0
9228,0.919049639577,0.0795693396554,0.00138102076753,1.0
6298,0.700714285714,0.0,0.299285714286,2.0
12674,0.539343678594,0.460567825831,8.84955752212e-05,0.0
18262,0.981406468397,0.0184964487339,9.7082868822e-05,0.0
3569,0.580030742886,0.335725252699,0.0842440044151,1.0
17870,0.976760052042,0.0231105254611,0.000129422496632,0.0
2074,0.998868388302,0.0011081650393,2.34466588511e-05,0.0
16700,0.106094244149,0.05268342821,0.841222327641,2.0
8286,0.988604327099,0.0112411074441,0.000154565456546,1.0
6739,0.361600590384,0.607586029334,0.0308133802817,0.0
13417,0.784104600099,0.188926880357,0.0269685195443,0.0
12365,0.774033578283,0.172813221031,0.053153200686,0.0
6966,0.365503730393,0.6244530786,0.0100431910067,1.0
6572,0.426583585078,0.573185091789,0.000231323132313,0.0
8558,0.820604157014,0.148596900677,0.0307989423085,0.0
11860,0.907939784502,0.0916566981554,0.000403517342452,0.0
15193,0.914215281455,0.0766868096987,0.00909790884589,0.0
17502,0.999824150059,0.000152403282532,2.34466588511e-05,0.0
13120,0.536007440351,0.457058946862,0.00693361278703,0.0
17275,0.630142749902,0.368111344417,0.00174590568048,1.0
16879,0.992838725986,0.00704499494439,0.000116279069767,0.0
18392,0.675573894924,0.32437054952,5.55555555556e-05,1.0
11333,0.697337948844,0.302445460471,0.000216590684857,0.0
16107,0.763693414754,0.200806612886,0.0354999723596,0.0
2054,0.911441256831,0.0885587431694,0.0,0.0
6395,0.743654380198,0.256192844052,0.000152775750499,0.0
14049,0.875393307353,0.124532825706,7.38669410765e-05,0.0
10894,0.854787118141,0.145157326304,5.55555555556e-05,0.0
6591,0.553327011438,0.421172605481,0.0255003830812,1.0
11403,0.997058627711,0.00134985465453,0.001591517634,0.0
18213,0.997869727164,0.00196156159978,0.000168711235865,0.0
1691,0.989516691614,0.0103426896088,0.00014061877755,0.0
13032,0.99825,0.0017,5e-05,0.0
13322,0.889647876426,0.085958075177,0.0243940483971,0.0
1974,0.986828260856,0.0116561174409,0.00151562170337,0.0
8387,0.997766507603,0.00217432079913,5.91715976331e-05,0.0
9942,0.998758498192,0.00121805514919,2.34466588511e-05,0.0
9577,0.483225653953,0.473297170704,0.0434771753435,0.0
5904,0.98,0.02,0.0,0.0
7456,0.966941194787,0.0329617223446,9.7082868822e-05,0.0
14265,0.644781437162,0.348323892607,0.0068946702305,0.0
17219,0.971085162016,0.0287260334297,0.00018880455408,0.0
1086,0.635147122058,0.303971245347,0.0608816325952,0.0
17788,0.633755672141,0.36619907899,4.52488687783e-05,0.0
5336,0.975764216366,0.0241941747573,4.16088765603e-05,0.0
1314,0.311869037353,0.254909912667,0.43322104998,0.0
7208,0.992201502293,0.00293716316119,0.00486133454601,0.0
10998,0.884317786211,0.0649322755747,0.0507499382144,0.0
2143,0.726978005066,0.253142615548,0.0198793793867,0.0
1164,0.558902439024,0.170853658537,0.270243902439,2.0
6471,0.48,0.35,0.17,2.0
9099,0.988687018386,0.0107387349026,0.000574246711882,0.0
13296,0.218717444113,0.714313740287,0.0669688156001,1.0
978,0.398951934238,0.600901473432,0.000146592329136,1.0
3645,0.518211342417,0.481668220744,0.000120436838703,0.0
4802,0.76873405363,0.231049355685,0.000216590684857,1.0
10027,0.158274936061,0.180882352941,0.660842710997,1.0
1022,0.289856150448,0.186406057671,0.523737791881,2.0
11848,0.5,0.36,0.14,0.0
15419,0.997156700678,0.00273258133268,0.000110717989386,0.0
3058,0.595844210794,0.403939198521,0.000216590684857,0.0
7001,0.408684591139,0.0736242334992,0.517691175362,2.0
8160,0.105495899725,0.206308500358,0.688195599917,0.0
14414,0.082,0.22,0.698,2.0
8415,0.827001139955,0.170859397502,0.0021394625436,1.0
12471,0.722843954037,0.275976102953,0.00117994300955,0.0
11077,0.80826171031,0.191607546164,0.00013074352548,0.0
7847,0.945610510669,0.0490438683662,0.00534562096435,0.0
6851,0.99,0.01,0.0,0.0
4852,0.783255033665,0.141371381416,0.0753735849195,0.0
3982,0.944732280017,0.0549484809112,0.00031923907137,0.0
8727,0.5929400524,0.0527279021224,0.354332045478,0.0
10683,0.981707531879,0.0181695815722,0.00012288654892,0.0
9412,0.560197295882,0.439802704118,0.0,1.0
6288,0.114685870947,0.878564602952,0.00674952610159,1.0
18012,0.993866012371,0.00553276653683,0.000601221092614,0.0
6261,0.979824150059,0.0201524032825,2.34466588511e-05,0.0
8481,0.46153601326,0.518111629591,0.0203523571488,1.0
7926,0.959824150059,0.0401524032825,2.34466588511e-05,0.0
8789,0.305043040293,0.101368131868,0.593588827839,2.0
2542,0.489105685318,0.498777703055,0.0121166116266,1.0
3571,0.391512605042,0.120882352941,0.487605042017,1.0
5602,0.928690533176,0.0685995388682,0.00270992795628,0.0
570,0.171242554636,0.826635569062,0.00212187630187,0.0
18452,0.979843137255,0.0201568627451,0.0,0.0
10478,0.249789977018,0.193470679813,0.556739343169,2.0
9793,0.998868388302,0.0011081650393,2.34466588511e-05,0.0
7516,0.639701511541,0.35973514299,0.000563345468619,1.0
15506,0.234780094328,0.364290004255,0.400929901417,0.0
4969,0.799765479853,0.178068217176,0.0221663029703,0.0
11738,0.538346883469,0.371409214092,0.090243902439,1.0
9037,0.966464813947,0.0334057635563,0.000129422496632,0.0
2180,0.502422782813,0.478552050853,0.0190251663337,1.0
4831,0.669265295702,0.264606586726,0.0661281175717,0.0
4524,0.823036649452,0.164887685231,0.0120756653171,0.0
897,1.0,0.0,0.0,0.0
11590,0.735241516302,0.262465875975,0.0022926077227,0.0
16275,0.230833333333,0.1075,0.661666666667,2.0
6421,0.565958333333,0.306041666667,0.128,0.0
12977,0.989090909091,0.0109090909091,0.0,0.0
10389,0.989843137255,0.0101568627451,0.0,0.0
716,0.294885821857,0.515411046453,0.18970313169,2.0
3821,0.95679537513,0.0415771526777,0.0016274721925,0.0
9584,0.938915319932,0.0610108131274,7.38669410765e-05,0.0
18110,0.330988933906,0.447052025135,0.221959040959,2.0
2184,0.391096586783,0.158378721859,0.450524691358,0.0
4253,0.86426787124,0.0564059338021,0.0793261949579,0.0
149,0.82285245166,0.176917134909,0.00023041343064,0.0
18163,0.998175340507,0.0016605940568,0.000164065436402,0.0
17847,0.918616666667,0.0813833333333,0.0,0.0
14558,0.356,0.05,0.594,1.0
16573,0.955313461953,0.0427627709042,0.00192376714299,0.0
18039,0.574435502452,0.385320595109,0.040243902439,1.0
1428,0.59614072669,0.303282878907,0.100576394404,1.0
13919,0.970036934398,0.0271732821627,0.00278978343907,0.0
5775,0.294828973843,0.439607645875,0.265563380282,1.0
12068,0.629520305583,0.365176000723,0.00530369369461,0.0
2596,0.97969470022,0.0202818531207,2.34466588511e-05,0.0
15036,0.407475142737,0.32648888188,0.266035975383,0.0
13999,0.800493026843,0.186704180057,0.0128027930998,0.0
3182,0.950608758262,0.049362256231,2.89855072464e-05,0.0
18498,0.169808669257,0.663315564783,0.166875765961,0.0
2860,0.121673254282,0.8465085639,0.0318181818182,1.0
6724,0.974982864559,0.0229052077166,0.00211192772483,0.0
5413,0.36,0.15,0.49,2.0
1716,0.09,0.42,0.49,1.0
1699,0.999654326256,0.000304064867172,4.16088765603e-05,0.0
7576,0.520038285819,0.46915443146,0.0108072827207,0.0
14634,0.878591584173,0.12137943032,2.89855072464e-05,1.0
11523,0.997156700678,0.00273258133268,0.000110717989386,0.0
18341,0.997955270464,0.00184855520287,0.000196174333106,0.0
16010,0.999490816725,0.00043018106031,7.90022144067e-05,0.0
