id,predict_0,predict_1,predict_2,real
14121,0.943729857641,0.0561155828534,0.00015455950541,1.0
9320,0.943373755452,0.0511382989165,0.00548794563148,0.0
14394,0.623399338839,0.371395601588,0.00520505957269,1.0
8218,0.411467478937,0.398685091074,0.189847429989,1.0
14804,0.527921221416,0.409146780272,0.062931998312,0.0
1080,0.669807933596,0.242101461776,0.088090604628,0.0
9731,0.800548840458,0.178460273255,0.0209908862877,0.0
15505,0.935118943708,0.064881056292,0.0,0.0
3443,0.697849971648,0.301338902961,0.000811125391013,1.0
13300,0.502026655289,0.330968168213,0.167005176497,1.0
8976,0.454336911923,0.460719827256,0.0849432608204,1.0
7965,0.697849971648,0.301338902961,0.000811125391013,0.0
10342,0.509592888332,0.314826960464,0.175580151204,0.0
6741,0.404251474012,0.520390763803,0.0753577621845,1.0
7187,0.633024038374,0.262017315054,0.104958646572,0.0
16780,0.580503498316,0.410281643968,0.00921485771633,0.0
14195,0.752778826447,0.246607676621,0.000613496932515,0.0
14025,0.638444367359,0.303847793612,0.0577078390291,0.0
8548,0.571292070792,0.361288050604,0.0674198786043,1.0
9566,0.747508558218,0.196571074383,0.0559203673995,0.0
15652,0.631291955541,0.236884717571,0.131823326888,0.0
3931,0.57465032794,0.366685224012,0.0586644480481,0.0
4557,0.795385702323,0.169020517803,0.0355937798734,0.0
3610,0.897003999527,0.100873701735,0.00212229873817,0.0
16574,0.698501927665,0.260301655409,0.0411964169254,0.0
7504,0.384393530964,0.566898302383,0.0487081666521,1.0
9735,0.721103982779,0.203775350223,0.0751206669978,0.0
14048,0.61564001394,0.317543456602,0.0668165294579,1.0
6769,0.481607410377,0.445188183329,0.0732044062941,0.0
2514,0.703082361922,0.202524352624,0.0943932854544,0.0
896,0.605624391171,0.333679471728,0.0606961371011,0.0
4757,0.942300926243,0.0575445142519,0.00015455950541,0.0
16358,0.717911427876,0.269819916554,0.0122686555698,1.0
11810,0.745918070031,0.253270804578,0.000811125391013,0.0
7274,0.429568420626,0.466407555814,0.104024023559,1.0
2972,0.814932864829,0.180059704057,0.0050074311142,0.0
7392,0.805808003497,0.19357849957,0.000613496932515,0.0
6824,0.856146687623,0.125372755155,0.018480557222,0.0
4311,0.334071830681,0.185597001016,0.480331168303,2.0
12261,0.474371767736,0.370997706912,0.154630525352,2.0
14752,0.618505027661,0.310248295127,0.0712466772122,0.0
14992,0.322043876691,0.585290578623,0.0926655446856,2.0
967,0.581916065734,0.239320155814,0.178763778452,2.0
8059,0.741148052004,0.238035363764,0.0208165842328,0.0
13406,0.49928861037,0.321215798283,0.179495591347,0.0
11424,0.943318724223,0.0565267162717,0.00015455950541,0.0
3945,0.149137514039,0.199591174481,0.65127131148,2.0
10351,0.26338024077,0.2728779264,0.46374183283,2.0
2272,0.907868745761,0.0921312542388,0.0,0.0
10752,0.726537438798,0.272651435811,0.000811125391013,1.0
17096,0.133138351027,0.221316518071,0.645545130902,2.0
17314,0.336417950722,0.21087676121,0.452705288068,2.0
12770,0.391398309732,0.428942490027,0.179659200242,1.0
3304,0.655342124976,0.228059337604,0.116598537421,1.0
9012,0.752378517821,0.232582045753,0.0150394364262,0.0
9928,0.312058694475,0.163673687735,0.52426761779,2.0
297,0.630400064844,0.260185977813,0.109413957342,2.0
5751,0.869860306598,0.127347244208,0.00279244919366,0.0
17692,0.497996650993,0.441677552861,0.0603257961457,1.0
3688,0.835062528272,0.162961187143,0.00197628458498,0.0
3425,0.244999988399,0.570132359078,0.184867652523,1.0
7871,0.468559769476,0.315848235297,0.215591995227,1.0
10013,0.619354163405,0.343114044378,0.0375317922172,0.0
13832,0.330176870434,0.526556713168,0.143266416398,1.0
11743,0.331291949273,0.237333270387,0.43137478034,1.0
10099,0.442963615162,0.430913190638,0.1261231942,1.0
16682,0.322043876691,0.585290578623,0.0926655446856,1.0
10156,0.697885693493,0.301762118543,0.000352187963908,1.0
16154,0.809075867843,0.173563260287,0.0173608718695,0.0
14176,0.699656641,0.292328955626,0.0080144033735,1.0
14964,0.251442522717,0.327398418998,0.421159058285,2.0
12896,0.273659323924,0.269026908401,0.457313767675,2.0
7288,0.282429064845,0.163673687735,0.553897247419,2.0
15882,0.663909614185,0.196564476414,0.139525909401,0.0
12441,0.299767929193,0.513416783244,0.186815287563,1.0
17248,0.398016603519,0.574047152123,0.0279362443576,0.0
16745,0.639975717914,0.284955730753,0.0750685513336,0.0
5315,0.431765167023,0.319619852998,0.24861497998,0.0
17118,0.631403166624,0.342469626527,0.0261272068498,1.0
7725,0.769444474169,0.202407234919,0.0281482909127,0.0
2311,0.687745744255,0.29108232592,0.0211719298246,0.0
4292,0.680538625501,0.24953327547,0.0699280990287,0.0
15773,0.926374062865,0.0734713776292,0.00015455950541,0.0
6531,0.950012677579,0.049832762916,0.00015455950541,0.0
16009,0.627867393229,0.326000982835,0.0461316239364,0.0
11930,0.912135400191,0.0850721506149,0.00279244919366,0.0
8541,0.926374062865,0.0734713776292,0.00015455950541,0.0
11019,0.492324814926,0.451108080642,0.0565671044317,0.0
8274,0.89917124914,0.100215253927,0.000613496932515,0.0
722,0.569163621055,0.353171410961,0.0776649679837,0.0
12305,0.674705634882,0.320089305545,0.00520505957269,1.0
11444,0.680161386072,0.241438003671,0.0784006102562,1.0
4006,0.405542170946,0.384780361978,0.209677467076,1.0
9231,0.57702307483,0.353375142224,0.0696017829458,1.0
6821,0.876305118513,0.114768392157,0.00892648932997,0.0
12888,0.710075041616,0.280907729126,0.00901722925783,0.0
6779,0.669405343685,0.329783530924,0.000811125391013,0.0
11232,0.771829362368,0.216704465763,0.0114661718697,0.0
11685,0.218557281761,0.550421542306,0.231021175933,2.0
1318,0.528144059782,0.367482723704,0.104373216514,1.0
909,0.625753402566,0.307757183493,0.0664894139408,1.0
18511,0.426075274345,0.523188116343,0.0507366093119,1.0
16460,0.940878786644,0.0591212133556,0.0,0.0
12008,0.940042439986,0.0598030005082,0.00015455950541,0.0
6811,0.994946079592,0.00505392040822,0.0,0.0
16071,0.641812292182,0.21906041605,0.139127291768,0.0
4486,0.580875670456,0.343082573855,0.0760417556886,0.0
183,0.402993200981,0.55676465489,0.0402421441292,1.0
5729,0.842011221343,0.151816188349,0.00617259030816,0.0
15368,0.515468016028,0.348421315716,0.136110668257,0.0
5064,0.557985711374,0.282209569884,0.159804718742,0.0
11530,0.861464551292,0.135742999514,0.00279244919366,0.0
14860,0.61564001394,0.317543456602,0.0668165294579,0.0
13166,0.776587331312,0.195264377776,0.0281482909127,0.0
14528,0.855894609788,0.144105390212,0.0,0.0
4202,0.474805819675,0.30061361068,0.224580569645,1.0
3916,0.265510852591,0.567089872824,0.167399274585,1.0
11454,0.752378517821,0.232582045753,0.0150394364262,1.0
12297,0.665663621804,0.186937752912,0.147398625283,0.0
553,0.292068779463,0.185495861225,0.522435359312,0.0
10390,0.375095360786,0.338189070327,0.286715568887,1.0
5056,0.921004630323,0.0763574799887,0.00263788968825,0.0
10503,0.725500860775,0.273688013834,0.000811125391013,0.0
1835,0.417145495879,0.49716363064,0.0856908734812,1.0
10085,0.956943593885,0.04290184661,0.00015455950541,0.0
13807,0.409646547563,0.232369604313,0.357983848125,0.0
11318,0.968970296541,0.0310297034594,0.0,0.0
533,0.897003999527,0.100873701735,0.00212229873817,0.0
10538,0.544624247334,0.353860094724,0.101515657942,1.0
11549,0.797486223257,0.190245121173,0.0122686555698,0.0
16900,0.718362399439,0.203762969731,0.0778746308302,0.0
599,0.797486223257,0.190245121173,0.0122686555698,0.0
11700,0.370718887131,0.569002709397,0.0602784034721,0.0
18331,0.692633044113,0.237609479291,0.0697574765958,0.0
5381,0.288282181263,0.233251241305,0.478466577432,2.0
13638,0.669807933596,0.242101461776,0.088090604628,0.0
2703,0.774031916708,0.157430296037,0.0685377872548,0.0
13686,0.234311034562,0.21667302345,0.549015941988,0.0
6240,0.223792840874,0.240559391234,0.535647767892,2.0
8546,0.141970089464,0.147608573968,0.710421336568,0.0
4578,0.479565378204,0.448730796572,0.0717038252241,0.0
15870,0.401154892475,0.22597163426,0.372873473265,0.0
17084,0.842671015158,0.150812751923,0.00651623291985,0.0
4114,0.538401279785,0.354713928403,0.106884791812,0.0
8011,0.71615459953,0.151643318674,0.132202081796,0.0
6588,0.95858536056,0.0414146394404,0.0,0.0
12490,0.674105771759,0.268223466111,0.0576707621292,2.0
3975,0.942386969953,0.0574584705417,0.00015455950541,0.0
4720,0.804645241355,0.192716868957,0.00263788968825,0.0
15209,0.76439896647,0.185232831064,0.0503682024659,0.0
6092,0.627446321545,0.32016290765,0.0523907708055,1.0
9426,0.313686324888,0.24346692191,0.442846753202,0.0
2307,0.940042439986,0.0598030005082,0.00015455950541,0.0
13291,0.449526129046,0.508711620617,0.0417622503375,0.0
17245,0.591870281143,0.366886729296,0.0412429895612,1.0
11726,0.852044077033,0.112056306341,0.0358996166259,0.0
15486,0.404148393152,0.388135519328,0.207716087521,0.0
9033,0.598010173166,0.322516916311,0.079472910523,2.0
9959,0.391939885615,0.518119295764,0.0899408186209,0.0
3798,0.953097440038,0.0467480004562,0.00015455950541,0.0
15624,0.215967010314,0.328298775621,0.455734214066,1.0
5995,0.849099326526,0.150287176541,0.000613496932515,0.0
9644,0.585834848491,0.33447579077,0.0796893607394,0.0
10779,0.946421353559,0.0535786464414,0.0,0.0
9734,0.794740798133,0.204645704934,0.000613496932515,1.0
14954,0.462875423435,0.387680574975,0.14944400159,1.0
15493,0.762378517821,0.222582045753,0.0150394364262,0.0
6222,0.428054657541,0.496427994129,0.0755173483302,1.0
17390,0.722825314819,0.274549766713,0.00262491846781,1.0
6826,0.428054657541,0.496427994129,0.0755173483302,1.0
8611,0.345782610703,0.426201453366,0.228015935932,2.0
9087,0.732740853228,0.200304320578,0.0669548261944,0.0
17472,0.316431811919,0.617988752239,0.0655794358419,1.0
12760,0.745918070031,0.253270804578,0.000811125391013,0.0
4963,0.325397027201,0.240954322537,0.433648650261,2.0
6225,0.18789506981,0.363274934063,0.448829996126,1.0
7959,0.6466237658,0.311919747134,0.0414564870652,0.0
1773,0.590484605693,0.351867111382,0.0576482829256,1.0
6136,0.922547872517,0.0768386305504,0.000613496932515,1.0
5965,0.45888484002,0.441804942057,0.0993102179227,1.0
5390,0.846646020884,0.150561529922,0.00279244919366,0.0
13663,0.382399968579,0.246257834621,0.3713421968,2.0
4501,0.762378517821,0.222582045753,0.0150394364262,0.0
13442,0.332656308571,0.452177328299,0.21516636313,1.0
6958,0.747109825461,0.20752069819,0.0453694763484,0.0
16339,0.441572930061,0.500243638667,0.0581834312719,0.0
9372,0.45209212523,0.258830303812,0.289077570958,0.0
5576,0.451572125104,0.496821568815,0.0516063060804,1.0
663,0.310918369161,0.167287823563,0.521793807276,0.0
1473,0.582269686998,0.358206631392,0.0595236816099,1.0
949,0.433521656703,0.51304311029,0.0534352330071,0.0
10513,0.525389460001,0.402776855893,0.0718336841061,0.0
14289,0.552480219392,0.386414645552,0.0611051350561,1.0
15260,0.842671015158,0.150812751923,0.00651623291985,0.0
9812,0.568692874785,0.30542055224,0.125886572975,0.0
4916,0.279515570784,0.207581975959,0.512902453257,2.0
17515,0.669190871778,0.251593625193,0.0792155030291,2.0
17388,0.745918070031,0.253270804578,0.000811125391013,0.0
4450,0.819209069035,0.145193471469,0.0355974594954,0.0
16258,0.731190670815,0.203159186705,0.0656501424804,0.0
10528,0.670619804152,0.325759726656,0.00362046919182,0.0
4003,0.849297662868,0.148064447444,0.00263788968825,1.0
3954,0.507641287342,0.489205533186,0.0031531794722,1.0
13945,0.489253305628,0.487913488251,0.0228332061204,1.0
15607,0.689666737475,0.282233944727,0.0280993177981,0.0
11897,0.325294469707,0.366101344771,0.308604185522,0.0
12609,0.792744140435,0.115429678867,0.091826180698,0.0
10122,1.0,0.0,0.0,0.0
7886,0.795967607155,0.20205610826,0.00197628458498,0.0
15771,0.841636146045,0.100731221644,0.0576326323109,0.0
17681,0.56030873737,0.365852296238,0.0738389663915,0.0
15863,0.544959541451,0.32342055224,0.131619906308,2.0
17690,0.282285404358,0.380696169531,0.33701842611,1.0
8606,0.956943593885,0.04290184661,0.00015455950541,0.0
11362,0.78601380943,0.208978759456,0.0050074311142,0.0
4604,0.606289679805,0.314200477606,0.0795098425889,0.0
5480,0.990182914768,0.00981708523183,0.0,0.0
12277,0.194394484318,0.174557896164,0.631047619518,2.0
1400,0.91387827559,0.0816981204357,0.00442360397396,0.0
6687,0.935911068885,0.0586009854836,0.00548794563148,0.0
11153,0.728278862447,0.22399829049,0.0477228470626,0.0
8313,0.282429064845,0.163673687735,0.553897247419,2.0
5787,0.712913844424,0.286275030185,0.000811125391013,0.0
741,0.543013560879,0.367591852947,0.0893945861742,0.0
16502,0.792744140435,0.115429678867,0.091826180698,0.0
4036,0.461287571422,0.314508125739,0.224204302839,0.0
5029,0.752378517821,0.232582045753,0.0150394364262,0.0
18158,0.278562469874,0.511319746856,0.210117783271,1.0
18441,0.943729857641,0.0561155828534,0.00015455950541,0.0
4268,0.803805483162,0.193874589642,0.00231992719666,0.0
4092,0.327019658222,0.238241696684,0.434738645094,0.0
16819,0.803805483162,0.193874589642,0.00231992719666,0.0
7774,0.238708767217,0.362928466075,0.398362766708,2.0
5824,0.71802735579,0.238083033394,0.0438896108157,0.0
7295,0.371062603866,0.330466247982,0.298471148152,1.0
18146,0.602367746825,0.295088564035,0.10254368914,0.0
17409,0.408625785329,0.352937799969,0.238436414702,2.0
6095,0.680866874034,0.288606282947,0.0305268430188,0.0
9032,0.75836524356,0.178734549099,0.0629002073407,0.0
5210,0.932370926191,0.0674745143039,0.00015455950541,0.0
11177,0.844860306598,0.152347244208,0.00279244919366,0.0
12324,0.440326534314,0.519431321556,0.0402421441292,1.0
1697,0.754461071402,0.2174396108,0.0280993177981,0.0
3106,0.624968577711,0.344147639287,0.0308837830021,1.0
7824,0.822219764981,0.170233121365,0.00754711365388,0.0
2588,0.316577795671,0.277527238197,0.405894966132,0.0
13644,0.897003999527,0.100873701735,0.00212229873817,0.0
13082,0.974946079592,0.0250539204082,0.0,0.0
8150,0.93014561459,0.069699825905,0.00015455950541,0.0
6234,0.260206220453,0.17652699901,0.563266780537,0.0
10350,0.907262783049,0.0925826574455,0.00015455950541,0.0
13538,0.769444474169,0.202407234919,0.0281482909127,0.0
2338,0.78601380943,0.208978759456,0.0050074311142,0.0
17947,0.931843304635,0.0681566953648,0.0,0.0
9786,0.515219782287,0.43034716176,0.0544330559528,0.0
9514,0.672765554462,0.283694107981,0.0435403375569,0.0
13670,0.742838604459,0.22180142332,0.0353599722205,0.0
15482,0.57465032794,0.366685224012,0.0586644480481,0.0
12517,0.599819581959,0.339586765369,0.0605936526725,1.0
411,0.309285701717,0.360519723918,0.330194574365,1.0
10237,0.542697819604,0.340245148752,0.117057031644,0.0
12734,0.387872743151,0.292011111433,0.320116145416,0.0
10863,0.745918070031,0.253270804578,0.000811125391013,0.0
11390,0.740373281059,0.212074494311,0.0475522246297,0.0
5260,0.651564151155,0.22811485162,0.120320997224,0.0
8244,0.79432684658,0.204213394146,0.00145975927384,1.0
4161,0.59001197313,0.3702052293,0.0397827975701,1.0
16354,0.622157719811,0.320171518059,0.0576707621292,0.0
15236,0.901228820841,0.0932832335272,0.00548794563148,0.0
14877,0.427313020895,0.519969072193,0.0527179069119,0.0
4810,0.93014561459,0.069699825905,0.00015455950541,0.0
4637,0.741148052004,0.238035363764,0.0208165842328,0.0
14124,0.563815289134,0.325831832153,0.110352878713,1.0
4737,0.953818593885,0.04602684661,0.00015455950541,0.0
5377,0.5978324522,0.335389096677,0.0667784511227,1.0
14696,0.316633857874,0.183281530873,0.500084611254,0.0
2880,0.417029661677,0.472315459897,0.110654878426,1.0
17021,0.803805483162,0.193874589642,0.00231992719666,0.0
11043,0.964160404287,0.0358395957126,0.0,0.0
6,0.572745414456,0.401782059116,0.025472526428,1.0
2380,0.578389339733,0.281990756304,0.139619903963,1.0
6563,0.567389304003,0.35648195057,0.0761287454273,0.0
2273,0.779436793593,0.155779676633,0.0647835297736,0.0
1743,0.45006850362,0.523665620221,0.0262658761584,1.0
12919,0.385758861501,0.351840468098,0.262400670401,2.0
7922,0.594545024209,0.393134934533,0.0123200412582,0.0
8201,0.790171060958,0.189697286316,0.0201316527259,0.0
13659,0.838937988658,0.158269562149,0.00279244919366,0.0
2861,0.488440258052,0.34225088716,0.169308854788,0.0
17883,0.363769568791,0.349160673867,0.287069757342,2.0
17057,0.93815505557,0.0618449444295,0.0,0.0
12316,0.695275437489,0.303446147401,0.00127841511064,0.0
12541,0.611537166586,0.335538811255,0.0529240221593,0.0
363,0.789097891118,0.148949380241,0.061952728641,0.0
4166,0.570841744683,0.353976182045,0.0751820732722,1.0
8354,0.279274604597,0.383913793987,0.336811601416,0.0
9160,0.35141843361,0.539692720579,0.108888845811,1.0
1476,0.897003999527,0.100873701735,0.00212229873817,0.0
8193,0.814396066393,0.153756973254,0.0318469603525,1.0
12708,0.585869716148,0.353679324734,0.0604509591182,1.0
13410,0.38120713823,0.611806080826,0.00698678094342,0.0
12066,0.906357026676,0.09218321405,0.00145975927384,0.0
8570,0.579160976537,0.363690558202,0.0571484652607,0.0
4204,0.597964134761,0.341755528554,0.0602803366853,0.0
18290,0.946854857641,0.0529905828534,0.00015455950541,0.0
11441,0.263119541628,0.327776950923,0.409103507449,2.0
17975,0.586535004783,0.334200330611,0.079264664606,1.0
11262,0.432299494913,0.192492122746,0.375208382341,0.0
3768,0.782431224451,0.155616046908,0.061952728641,0.0
11418,0.946854857641,0.0529905828534,0.00015455950541,0.0
13813,0.342939644375,0.493495428681,0.163564926943,1.0
1665,0.325163464557,0.421109906362,0.253726629082,1.0
4170,0.797486223257,0.190245121173,0.0122686555698,0.0
12798,0.728745726355,0.178511891938,0.0927423817063,0.0
681,0.73315709443,0.209583723871,0.0572591816996,0.0
319,0.685064381411,0.241268343731,0.073667274858,0.0
17956,0.946421353559,0.0535786464414,0.0,0.0
429,0.852044077033,0.112056306341,0.0358996166259,0.0
6663,0.582269686998,0.358206631392,0.0595236816099,1.0
10586,0.751442355286,0.240543241341,0.0080144033735,1.0
8583,0.593489075206,0.345200732114,0.06131019268,0.0
8030,0.811875942674,0.185486167637,0.00263788968825,0.0
5099,0.808794952215,0.18750281644,0.00370223134576,0.0
446,0.41924464114,0.538004979534,0.0427503793253,1.0
5725,0.355779264515,0.500727386469,0.143493349016,1.0
15436,0.461287571422,0.314508125739,0.224204302839,0.0
6758,0.9127400054,0.0858002353266,0.00145975927384,0.0
6449,0.962840679709,0.0371593202915,0.0,0.0
4552,0.273579607794,0.241218264162,0.485202128044,1.0
17865,0.3141957285,0.208351508685,0.477452762815,0.0
1645,0.336280766538,0.515774945916,0.147944287547,1.0
1308,0.684626238643,0.310168701784,0.00520505957269,0.0
8781,0.909573996683,0.0876335541237,0.00279244919366,1.0
831,0.946227779088,0.0511343312242,0.00263788968825,0.0
15145,0.61224853518,0.278306208693,0.109445256126,0.0
17654,0.841440325491,0.119055717584,0.0395039569253,0.0
603,0.933332482773,0.0665129577211,0.00015455950541,0.0
5962,0.723456985197,0.275929517871,0.000613496932515,0.0
11520,0.563815289134,0.325831832153,0.110352878713,0.0
10341,0.783799771354,0.209716878161,0.00648335048466,0.0
5070,0.281208564409,0.163544232177,0.555247203415,0.0
1197,0.87529101087,0.119221043499,0.00548794563148,0.0
6187,0.425728098659,0.33398315026,0.240288751082,1.0
733,0.462875423435,0.387680574975,0.14944400159,0.0
2242,0.949904319615,0.0500956803846,0.0,0.0
479,0.585869716148,0.353679324734,0.0604509591182,0.0
12362,0.894659416668,0.0884169793577,0.016923603974,0.0
14596,0.797557102811,0.201829400257,0.000613496932515,0.0
6801,0.281443491856,0.209353082771,0.509203425373,1.0
4896,0.384897556665,0.57212022554,0.0429822177949,1.0
3287,0.252322064385,0.343007603355,0.404670332261,1.0
8377,0.689822552941,0.309366321668,0.000811125391013,1.0
14233,0.596529889308,0.339902268456,0.0635678422351,0.0
5065,0.535327962606,0.402551370717,0.0621206666768,0.0
6233,0.956927468777,0.041286816937,0.00178571428571,0.0
4160,0.717911427876,0.269819916554,0.0122686555698,0.0
16840,0.946854857641,0.0529905828534,0.00015455950541,0.0
18192,0.757350055556,0.214331031098,0.0283189133455,0.0
7711,0.449273526485,0.44420313859,0.106523334925,0.0
7254,0.378209964341,0.409451869149,0.21233816651,1.0
3214,0.649994295102,0.283653097645,0.0663526072523,0.0
14597,0.600125096607,0.371555990047,0.0283189133455,1.0
15086,0.174847841624,0.33335607422,0.491796084156,2.0
8686,0.669224147939,0.328663176004,0.00211267605634,0.0
16989,0.269334733894,0.40412464986,0.326540616246,2.0
420,0.321826841816,0.659053286576,0.0191198716087,0.0
16891,0.953097440038,0.0467480004562,0.00015455950541,0.0
8046,0.581399411173,0.289754495952,0.128846092875,1.0
7484,0.83032787309,0.162125013257,0.00754711365388,0.0
14880,0.699146881366,0.267440025217,0.0334130934175,0.0
16049,0.409214910056,0.411737713379,0.179047376565,0.0
227,0.320846197512,0.223833598724,0.455320203764,0.0
1387,0.636028440999,0.36269314389,0.00127841511064,0.0
12011,0.919314730272,0.0805307102228,0.00015455950541,0.0
6123,0.586535004783,0.334200330611,0.079264664606,0.0
8935,0.57465032794,0.366685224012,0.0586644480481,0.0
2865,0.764492912699,0.207188173955,0.0283189133455,0.0
17241,0.826665213336,0.137918253085,0.0354165335798,0.0
5237,0.752378517821,0.232582045753,0.0150394364262,0.0
3185,0.799548938057,0.199837565011,0.000613496932515,1.0
4691,0.881800239966,0.111723337763,0.00647642227071,0.0
8423,0.712913844424,0.286275030185,0.000811125391013,0.0
17894,0.747109825461,0.20752069819,0.0453694763484,0.0
14642,0.962844614814,0.0371553851862,0.0,0.0
5292,0.982400813601,0.0175991863991,0.0,0.0
3670,0.416652847735,0.53374612847,0.049601023795,1.0
7301,0.763855791464,0.154005638502,0.0821385700337,1.0
2105,0.779099884445,0.199266513151,0.0216336024036,0.0
1954,0.884791840434,0.107082324247,0.00812583531973,0.0
7699,0.600584148547,0.334855642136,0.0645602093165,0.0
15680,0.416183056311,0.367304427728,0.216512515962,1.0
16960,0.946427263771,0.0534181767234,0.00015455950541,0.0
2476,0.895368778294,0.104631221706,0.0,0.0
4646,0.994946079592,0.00505392040822,0.0,0.0
4826,0.973969975944,0.0260300240558,0.0,0.0
14595,0.356235942487,0.57107916111,0.0726848964031,1.0
12970,0.556278402092,0.411173073729,0.0325485241786,1.0
9353,0.751579213294,0.247609661315,0.000811125391013,0.0
17222,0.884581079053,0.112626471754,0.00279244919366,0.0
10057,0.962992432127,0.0370075678727,0.0,0.0
12864,0.272543308078,0.249147442712,0.47830924921,2.0
16999,0.780902534116,0.181082483703,0.0380149821807,0.0
2692,0.873751089004,0.124789151722,0.00145975927384,0.0
14976,0.852044077033,0.112056306341,0.0358996166259,0.0
6847,0.914159896586,0.0858401034136,0.0,1.0
15784,0.758660493819,0.154776483378,0.0865630228032,0.0
8439,0.554490731881,0.442439452518,0.00306981560054,1.0
7067,0.282429064845,0.163673687735,0.553897247419,0.0
18113,0.675195174944,0.323993699665,0.000811125391013,1.0
17415,0.752378517821,0.232582045753,0.0150394364262,0.0
12978,0.825753938291,0.133472412933,0.0407736487762,0.0
5459,0.631303448528,0.345310165322,0.0233863861507,0.0
10742,0.459351841953,0.48894591848,0.0517022395668,1.0
497,0.838937988658,0.158269562149,0.00279244919366,0.0
6646,0.742838604459,0.22180142332,0.0353599722205,0.0
12958,0.329371203822,0.211648995547,0.458979800631,0.0
5394,0.717911427876,0.269819916554,0.0122686555698,0.0
12610,0.311517962489,0.653886922982,0.0345951145288,1.0
5926,0.772321273314,0.224485263977,0.00319346270848,0.0
9713,0.998640626211,0.00135937378904,0.0,0.0
7364,0.752378517821,0.232582045753,0.0150394364262,0.0
5311,0.765602039207,0.205390436319,0.0290075244744,0.0
13337,0.709891717079,0.28929715753,0.000811125391013,0.0
11149,0.864830027221,0.135015413273,0.00015455950541,0.0
6938,0.649348680685,0.331759621784,0.018891697531,1.0
14109,0.674105771759,0.268223466111,0.0576707621292,0.0
16926,0.819224081296,0.179810233808,0.000965684896423,0.0
5219,0.943729857641,0.0561155828534,0.00015455950541,0.0
14939,0.379668820634,0.438944945256,0.181386234111,1.0
6492,0.765602039207,0.205390436319,0.0290075244744,0.0
4107,0.785546572494,0.198623956871,0.0158294706343,0.0
506,0.544959541451,0.32342055224,0.131619906308,0.0
2435,0.57465032794,0.366685224012,0.0586644480481,1.0
12376,0.385423579486,0.274360627637,0.340215792877,1.0
135,0.829934913511,0.131275770247,0.0387893162422,0.0
9605,0.946854857641,0.0529905828534,0.00015455950541,0.0
13872,0.620972739604,0.321976657387,0.0570506030083,0.0
15057,0.263269520686,0.189670838733,0.547059640582,0.0
11020,0.437312716565,0.503907538906,0.0587797445293,1.0
3536,0.752943623943,0.204317712316,0.0427386637412,0.0
14249,0.257743924684,0.129175721256,0.61308035406,2.0
3979,0.699690111419,0.295104829008,0.00520505957269,0.0
8293,0.797003999527,0.200873701735,0.00212229873817,0.0
2987,0.994946079592,0.00505392040822,0.0,0.0
2361,0.248114265094,0.22273244957,0.529153285337,2.0
11595,0.375158298389,0.423497109685,0.201344591926,2.0
15473,0.292344610118,0.351595233892,0.35606015599,0.0
8927,0.946854857641,0.0529905828534,0.00015455950541,0.0
7128,0.240043308078,0.224596160661,0.535360531261,1.0
5580,0.796680035682,0.14935388693,0.0539660773884,0.0
2302,0.618072286597,0.221771444495,0.160156268908,0.0
3332,0.935478947923,0.0643664925717,0.00015455950541,0.0
15011,0.46583203427,0.477096135289,0.0570718304404,1.0
3262,0.470842676847,0.376906857981,0.152250465172,0.0
8459,0.15006532756,0.137157446148,0.712777226292,0.0
3303,0.451217159433,0.519485368438,0.0292974721292,0.0
7207,0.982427687387,0.017572312613,0.0,0.0
2560,0.953582767973,0.0464172320275,0.0,0.0
5935,0.919314730272,0.0805307102228,0.00015455950541,0.0
17817,0.747285004413,0.240446243678,0.0122687519084,0.0
6081,0.605624391171,0.333679471728,0.0606961371011,0.0
1244,0.630575556451,0.368613318158,0.000811125391013,1.0
784,0.93014561459,0.069699825905,0.00015455950541,0.0
5703,0.313686324888,0.24346692191,0.442846753202,2.0
4848,0.376378852441,0.477847436522,0.145773711037,0.0
5634,0.358716439681,0.45790853069,0.183375029629,1.0
16696,0.722430315958,0.199013529806,0.0785561542355,0.0
12619,0.842671015158,0.150812751923,0.00651623291985,0.0
15671,0.690259047719,0.30892982689,0.000811125391013,1.0
12676,0.7729647785,0.226421724568,0.000613496932515,0.0
18093,0.521402545892,0.418127436939,0.0604700171688,1.0
11855,0.52287913086,0.434989988941,0.0421308801987,1.0
1456,0.545868016028,0.330421315716,0.123710668257,0.0
17460,0.365160755119,0.362909629164,0.271929615717,1.0
12099,0.65515660871,0.295100265152,0.0497431261386,0.0
274,0.946854857641,0.0529905828534,0.00015455950541,0.0
105,0.690080851179,0.30910802343,0.000811125391013,1.0
13301,0.515654392161,0.436461748872,0.0478838589669,0.0
12782,0.739040351254,0.212688966395,0.0482706823511,2.0
8928,0.75875841954,0.239963165349,0.00127841511064,0.0
11604,0.752378517821,0.232582045753,0.0150394364262,0.0
16445,0.780902534116,0.181082483703,0.0380149821807,0.0
16694,0.434128235911,0.457613481572,0.108258282517,1.0
646,0.962449786468,0.0373956540262,0.00015455950541,0.0
11171,0.436077487388,0.363667789604,0.200254723007,0.0
18228,0.242735361862,0.214275509359,0.542989128779,2.0
1104,0.453994990921,0.397927455332,0.148077553747,1.0
16966,0.495957305818,0.471249889813,0.0327928043693,0.0
16874,0.657985711374,0.282209569884,0.0598047187421,0.0
18127,0.41593371578,0.532670476585,0.0513958076345,1.0
1205,0.956943593885,0.04290184661,0.00015455950541,0.0
3172,0.980191981231,0.0198080187689,0.0,0.0
18535,0.862658906226,0.136727596841,0.000613496932515,0.0
8729,0.417892277763,0.391818971155,0.190288751082,1.0
3384,0.66949769821,0.212018916615,0.118483385175,0.0
7640,0.586535004783,0.334200330611,0.079264664606,0.0
7007,0.764492912699,0.207188173955,0.0283189133455,0.0
11469,0.791315247166,0.199912823009,0.00877192982456,0.0
16837,0.602403044789,0.340171371065,0.0574255841463,1.0
17237,0.780902534116,0.181082483703,0.0380149821807,0.0
19,0.425579229874,0.462278357035,0.112142413091,1.0
14290,0.822219764981,0.170233121365,0.00754711365388,0.0
6761,0.790568955083,0.201540288651,0.00789075626556,0.0
15850,0.927214706126,0.0726307343685,0.00015455950541,0.0
16249,0.952202784612,0.0477972153876,0.0,0.0
11170,0.897003999527,0.100873701735,0.00212229873817,0.0
9380,0.472591371949,0.458790009147,0.0686186189041,1.0
1790,0.628300970012,0.34622650356,0.025472526428,0.0
14735,0.279424029807,0.18926780476,0.531308165434,2.0
14241,0.599819581959,0.339586765369,0.0605936526725,1.0
5689,0.935911068885,0.0586009854836,0.00548794563148,0.0
14799,0.689830273175,0.267370713365,0.0427990134599,1.0
15037,0.752378517821,0.232582045753,0.0150394364262,0.0
17745,0.693373450303,0.230284881482,0.0763416682145,1.0
874,0.229385852633,0.145973850676,0.624640296691,2.0
11724,0.739040351254,0.212688966395,0.0482706823511,0.0
12109,0.659831524392,0.291242324134,0.0489261514739,0.0
2589,0.669807933596,0.242101461776,0.088090604628,1.0
1619,0.354639328394,0.542831343562,0.102529328044,0.0
9224,0.605624391171,0.333679471728,0.0606961371011,0.0
6197,0.647610214365,0.303070843265,0.0493189423699,0.0
6643,0.576472807869,0.351551774527,0.0719754176037,1.0
14544,0.752378517821,0.232582045753,0.0150394364262,1.0
14337,0.752378517821,0.232582045753,0.0150394364262,0.0
16159,0.895168960408,0.104831039592,0.0,0.0
12623,0.842671015158,0.150812751923,0.00651623291985,0.0
11193,0.499201982116,0.360033419066,0.140764598817,1.0
10700,0.675195174944,0.323993699665,0.000811125391013,0.0
1264,0.560696156858,0.300856997832,0.13844684531,0.0
18386,0.971017967461,0.0271963182532,0.00178571428571,0.0
5364,0.974365515667,0.0254799248279,0.00015455950541,0.0
16123,0.46583203427,0.477096135289,0.0570718304404,0.0
6111,0.274363143762,0.590017258492,0.135619597746,1.0
7607,0.230468917531,0.279231379578,0.49029970289,2.0
14830,0.451572125104,0.496821568815,0.0516063060804,1.0
12961,0.578389339733,0.281990756304,0.139619903963,2.0
16230,0.579027626016,0.261013754241,0.159958619743,0.0
8174,0.431719685777,0.513546900774,0.0547334134492,1.0
15369,0.393586716094,0.465027503326,0.14138578058,0.0
4558,0.9875295151,0.0124704849002,0.0,0.0
12259,0.702655279441,0.232591118033,0.0647536025264,0.0
14532,0.681725130818,0.259744873491,0.0585299956909,0.0
6004,0.982570738377,0.0174292616234,0.0,0.0
12646,0.801848164897,0.195513945415,0.00263788968825,0.0
8685,0.90818408933,0.0890234614763,0.00279244919366,0.0
11183,0.599819581959,0.339586765369,0.0605936526725,0.0
8953,0.690259047719,0.30892982689,0.000811125391013,1.0
17491,0.627867393229,0.326000982835,0.0461316239364,0.0
13130,0.996551724138,0.00344827586207,0.0,0.0
14740,0.827982020795,0.129748497727,0.0422694814774,0.0
532,0.764492912699,0.207188173955,0.0283189133455,0.0
13907,0.680468339111,0.276899532793,0.042632128096,1.0
18363,0.359344151306,0.326574922283,0.314080926411,1.0
10422,0.807480120936,0.157096721624,0.0354231574405,0.0
6041,0.312058694475,0.163673687735,0.52426761779,0.0
8590,0.5402592809,0.180852516188,0.278888202912,2.0
17319,0.943729857641,0.0561155828534,0.00015455950541,0.0
14844,0.546318019383,0.397192690247,0.05648929037,1.0
6719,0.331291949273,0.237333270387,0.43137478034,2.0
417,0.426898351999,0.538025073723,0.0350765742779,1.0
16552,0.452836696927,0.478789862152,0.0683734409212,1.0
2145,0.900415812711,0.0940962416573,0.00548794563148,0.0
13169,0.717911427876,0.269819916554,0.0122686555698,0.0
15657,0.799326183083,0.195666385803,0.0050074311142,0.0
17361,0.946854857641,0.0529905828534,0.00015455950541,0.0
17844,0.953097440038,0.0467480004562,0.00015455950541,0.0
16368,0.9875295151,0.0124704849002,0.0,0.0
4652,0.763855791464,0.154005638502,0.0821385700337,0.0
4238,0.375119389198,0.510618159672,0.11426245113,0.0
7490,0.338505205864,0.23300175964,0.428493034496,2.0
8847,0.792744140435,0.115429678867,0.091826180698,0.0
11995,0.417647073244,0.413391729824,0.168961196932,0.0
7139,0.697849971648,0.301338902961,0.000811125391013,0.0
6002,0.901228820841,0.0932832335272,0.00548794563148,0.0
14402,0.563815289134,0.325831832153,0.110352878713,0.0
14409,0.818710743699,0.132056306341,0.0492329499593,0.0
1098,0.776262212367,0.191613380042,0.0321244075913,0.0
12774,0.632515499042,0.365999352444,0.00148514851485,1.0
5249,0.265474623678,0.140186962072,0.59433841425,2.0
1382,0.282285404358,0.380696169531,0.33701842611,2.0
15226,0.717911427876,0.269819916554,0.0122686555698,1.0
94,0.426655994918,0.459821602103,0.113522402979,2.0
9591,0.842671015158,0.150812751923,0.00651623291985,0.0
11886,0.545333908546,0.391287837769,0.0633782536847,0.0
1621,0.521402545892,0.418127436939,0.0604700171688,1.0
810,0.608550418655,0.375027173703,0.0164224076426,0.0
8536,0.636028440999,0.36269314389,0.00127841511064,1.0
3169,0.751158992905,0.248029881704,0.000811125391013,1.0
6788,0.355941482308,0.200188982306,0.443869535386,2.0
3111,0.669807933596,0.242101461776,0.088090604628,0.0
4080,0.717911427876,0.269819916554,0.0122686555698,1.0
18193,0.630575556451,0.368613318158,0.000811125391013,1.0
16218,0.180557627602,0.586803099157,0.232639273241,1.0
4246,0.803805483162,0.193874589642,0.00231992719666,0.0
14125,0.606289679805,0.314200477606,0.0795098425889,0.0
821,0.232703692103,0.560799025744,0.206497282153,1.0
13006,0.897003999527,0.100873701735,0.00212229873817,0.0
18173,0.752378517821,0.232582045753,0.0150394364262,0.0
11276,0.331291949273,0.237333270387,0.43137478034,0.0
10371,0.974987181464,0.0250128185361,0.0,0.0
9261,0.996551724138,0.00344827586207,0.0,0.0
18297,0.593609879222,0.278885078936,0.127505041842,0.0
912,0.585869716148,0.353679324734,0.0604509591182,1.0
7579,0.625565108259,0.320467408481,0.0539674832603,1.0
10263,0.87794453587,0.12205546413,0.0,1.0
18391,0.492178170441,0.335102367347,0.172719462212,0.0
16015,0.757114672297,0.154016581687,0.0888687460157,1.0
17938,0.938920459321,0.061079540679,0.0,0.0
2894,0.626776609508,0.304817668178,0.0684057223136,0.0
6648,0.682088002476,0.237940314891,0.0799716826327,0.0
11137,0.56030873737,0.365852296238,0.0738389663915,2.0
17054,0.994946079592,0.00505392040822,0.0,0.0
6495,0.553028349282,0.390632637063,0.0563390136553,0.0
10070,0.96058952788,0.0394104721204,0.0,0.0
11029,0.667204030112,0.288238701052,0.0445572688363,1.0
16043,0.940042439986,0.0598030005082,0.00015455950541,0.0
12529,0.567490259514,0.343022646512,0.0894870939735,0.0
9536,0.820804514103,0.176557596209,0.00263788968825,1.0
5281,0.797925083786,0.133731048471,0.0683438677425,0.0
14815,0.460027225058,0.48300342893,0.0569693460118,0.0
11651,0.633464568223,0.365257016666,0.00127841511064,1.0
6697,0.692633044113,0.237609479291,0.0697574765958,0.0
488,0.842671015158,0.150812751923,0.00651623291985,0.0
9228,0.82568241345,0.149632125416,0.0246854611344,1.0
6298,0.312058694475,0.163673687735,0.52426761779,2.0
12674,0.697849971648,0.301338902961,0.000811125391013,0.0
18262,0.810879558796,0.181229684939,0.00789075626556,0.0
3569,0.577688363465,0.333896148102,0.0884154884337,1.0
17870,0.944524587558,0.0519912604126,0.00348415202958,0.0
2074,0.943729857641,0.0561155828534,0.00015455950541,0.0
16700,0.238677143609,0.247210533109,0.514112323283,2.0
8286,0.956927468777,0.041286816937,0.00178571428571,1.0
6739,0.508542497372,0.478768124155,0.0126893784732,0.0
13417,0.62182367559,0.32828287835,0.0498934460596,0.0
12365,0.623903923389,0.311423822831,0.0646722537797,0.0
6966,0.451572125104,0.496821568815,0.0516063060804,1.0
6572,0.558652455823,0.387798259063,0.0535492851133,0.0
8558,0.647268615685,0.220151435423,0.132579948891,0.0
11860,0.879466936821,0.109066891309,0.0114661718697,0.0
15193,0.634741896599,0.311198121726,0.0540599816746,0.0
17502,0.771548275106,0.185713061153,0.0427386637412,0.0
13120,0.561215531691,0.403345690502,0.0354387778065,0.0
17275,0.689830273175,0.267370713365,0.0427990134599,1.0
16879,0.776587331312,0.195264377776,0.0281482909127,0.0
18392,0.871443343741,0.125072504229,0.00348415202958,1.0
11333,0.752577541754,0.246611332855,0.000811125391013,0.0
16107,0.633576332537,0.341695485529,0.0247281819335,0.0
2054,0.823490931198,0.17589557187,0.000613496932515,0.0
6395,0.72459263115,0.274441683953,0.000965684896423,0.0
14049,0.857376282603,0.142010220464,0.000613496932515,0.0
10894,0.844670165921,0.154716337146,0.000613496932515,0.0
6591,0.57702307483,0.353375142224,0.0696017829458,1.0
11403,0.821636146045,0.114064554977,0.0642992989775,0.0
18213,0.765602039207,0.205390436319,0.0290075244744,0.0
1691,0.974958619812,0.0250413801884,0.0,0.0
13032,0.776587331312,0.195264377776,0.0281482909127,0.0
13322,0.726945932641,0.224612762575,0.048441304784,0.0
1974,0.747109825461,0.20752069819,0.0453694763484,0.0
8387,0.842011221343,0.151816188349,0.00617259030816,0.0
9942,0.943729857641,0.0561155828534,0.00015455950541,0.0
9577,0.605583493819,0.333276935934,0.0611395702471,0.0
5904,0.9875295151,0.0124704849002,0.0,0.0
7456,0.822219764981,0.170233121365,0.00754711365388,0.0
14265,0.610359914137,0.315298320206,0.0743417656569,0.0
17219,0.78068814824,0.218346166863,0.000965684896423,0.0
1086,0.586535004783,0.334200330611,0.079264664606,0.0
17788,0.701355084547,0.297833790062,0.000811125391013,0.0
5336,0.990390804359,0.00960919564147,0.0,0.0
1314,0.331291949273,0.237333270387,0.43137478034,0.0
7208,0.763855791464,0.154005638502,0.0821385700337,0.0
10998,0.730456271713,0.180152072207,0.0893916560804,0.0
2143,0.559343127065,0.376186796387,0.0644700765484,0.0
1164,0.366219473692,0.419604466636,0.214176059672,2.0
6471,0.284432872349,0.409720031663,0.305847095988,2.0
9099,0.790681210226,0.150769956454,0.0585488333192,0.0
13296,0.525389460001,0.402776855893,0.0718336841061,1.0
978,0.483157760432,0.502303026646,0.0145392129225,1.0
3645,0.813764377712,0.185622125355,0.000613496932515,0.0
4802,0.706120229542,0.293068645067,0.000811125391013,1.0
10027,0.23293349318,0.162890635374,0.604175871446,1.0
1022,0.427916917796,0.367664789875,0.204418292329,2.0
11848,0.46338024077,0.2728779264,0.26374183283,0.0
15419,0.897003999527,0.100873701735,0.00212229873817,0.0
3058,0.706120229542,0.293068645067,0.000811125391013,0.0
7001,0.347619249424,0.243479575063,0.408901175514,2.0
8160,0.43353187335,0.397483173156,0.168984953493,0.0
14414,0.16576508867,0.20875082007,0.625484091261,2.0
8415,0.679298448724,0.276314904872,0.0443866464034,1.0
12471,0.699656641,0.292328955626,0.0080144033735,0.0
11077,0.7770978068,0.221442433926,0.00145975927384,0.0
7847,0.639975717914,0.284955730753,0.0750685513336,0.0
6851,0.994946079592,0.00505392040822,0.0,0.0
4852,0.643433439682,0.276942153403,0.0796244069149,0.0
3982,0.768264301456,0.223721295171,0.0080144033735,0.0
8727,0.662481699141,0.232449160267,0.105069140591,0.0
10683,0.697849971648,0.301338902961,0.000811125391013,0.0
9412,0.78530474855,0.214081754518,0.000613496932515,1.0
6288,0.42039440113,0.504504050955,0.0751015479144,1.0
18012,0.856146687623,0.125372755155,0.018480557222,0.0
6261,0.913897080089,0.0859483604057,0.00015455950541,0.0
8481,0.508162250167,0.455776716379,0.036061033454,1.0
7926,0.977967907742,0.0218775327526,0.00015455950541,0.0
8789,0.293686324888,0.225278733721,0.48103494139,2.0
2542,0.58895426512,0.376361295304,0.0346844395767,1.0
3571,0.325623299553,0.346207645077,0.32816905537,1.0
5602,0.773723803557,0.174820672662,0.0514555237808,0.0
570,0.430912756901,0.514020694944,0.055066548155,0.0
18452,0.998640626211,0.00135937378904,0.0,0.0
10478,0.439588571744,0.286518613791,0.273892814465,2.0
9793,0.940042439986,0.0598030005082,0.00015455950541,0.0
7516,0.636059053872,0.354726088412,0.00921485771633,1.0
15506,0.41798349914,0.326101478396,0.255915022464,0.0
4969,0.581039014405,0.345083420545,0.0738775650502,0.0
11738,0.33705760673,0.328245622352,0.334696770918,1.0
9037,0.930490940679,0.0660249072919,0.00348415202958,0.0
2180,0.605466395826,0.325401788466,0.0691318157079,1.0
4831,0.571628981056,0.297685815931,0.130685203012,0.0
4524,0.561636909181,0.34428111571,0.0940819751091,0.0
897,0.953049293176,0.0469507068237,0.0,0.0
11590,0.752378517821,0.232582045753,0.0150394364262,0.0
16275,0.242068779463,0.172307673037,0.585623547501,2.0
6421,0.334246916389,0.395570405253,0.270182678358,0.0
12977,0.974368438977,0.0254770015177,0.00015455950541,0.0
10389,0.948084105437,0.051915894563,0.0,0.0
716,0.430136569042,0.343181645791,0.226681785167,2.0
3821,0.790171060958,0.189697286316,0.0201316527259,0.0
9584,0.888500060146,0.110886442921,0.000613496932515,0.0
18110,0.496193502454,0.317974687771,0.185831809775,2.0
2184,0.343626309708,0.380730911986,0.275642778306,0.0
4253,0.745850739526,0.208478736546,0.0456705239276,0.0
149,0.831239730263,0.167992213299,0.000768056437925,0.0
18163,0.908794952215,0.0875028164397,0.00370223134576,0.0
17847,0.941174646274,0.0588253537261,0.0,0.0
