id,predict_0,predict_1,predict_2,real
14121,0.980537099324,0.0194629006761,0.0,1.0
9320,0.989007901523,0.00956105729549,0.00143104118104,0.0
14394,0.56463852332,0.433534241886,0.00182723479448,1.0
8218,0.365263520927,0.43886686939,0.195869609683,1.0
14804,0.479437104976,0.45988261378,0.0606802812444,0.0
1080,0.637671163114,0.238640655391,0.123688181494,0.0
9731,0.928811483254,0.0639725720743,0.00721594467155,0.0
15505,0.967856016631,0.0321439833693,0.0,0.0
3443,0.539213619131,0.459906414275,0.000879966594391,1.0
13300,0.592794091995,0.207314599693,0.199891308312,1.0
8976,0.378127161387,0.565387779601,0.0564850590128,1.0
7965,0.749322507298,0.249452275662,0.00122521704012,0.0
10342,0.616150786593,0.335595355004,0.0482538584031,0.0
6741,0.265236448823,0.686881959424,0.047881591753,1.0
7187,0.539631709567,0.397310526974,0.0630577634596,0.0
16780,0.64399320328,0.353651616999,0.00235517972084,0.0
14195,0.678938374185,0.320832376655,0.000229249160443,0.0
14025,0.759628947893,0.182384069256,0.0579869828503,0.0
8548,0.534341014752,0.405560890396,0.0600980948525,1.0
9566,0.909465580326,0.0644290311036,0.0261053885705,0.0
15652,0.479332345685,0.156814766361,0.363852887954,0.0
3931,0.523491363669,0.428233843498,0.0482747928334,0.0
4557,0.92583535616,0.0619030252522,0.0122616185876,0.0
3610,0.972121753718,0.0274024619207,0.000475784361382,0.0
16574,0.84824565449,0.130616720857,0.0211376246525,0.0
7504,0.255429318431,0.726457146192,0.0181135353765,1.0
9735,0.89652007057,0.0902560736711,0.0132238557587,0.0
14048,0.596759535369,0.377227170966,0.0260132936646,1.0
6769,0.564140208532,0.381958455813,0.0539013356548,0.0
2514,0.814357499293,0.147326622542,0.0383158781647,0.0
896,0.684031010981,0.277323029709,0.0386459593105,0.0
4757,0.999098039216,0.000901960784314,0.0,0.0
16358,0.719284774677,0.27495737928,0.00575784604306,1.0
11810,0.783896592177,0.214644929965,0.0014584778584,0.0
7274,0.394691676328,0.560365970895,0.0449423527772,1.0
2972,0.921486400932,0.0781343968121,0.000379202256318,0.0
7392,0.853236160724,0.146763839276,0.0,0.0
6824,0.938225222456,0.0569384016845,0.00483637585921,0.0
4311,0.374545368494,0.101532475396,0.523922156109,2.0
12261,0.580553396377,0.328426993297,0.0910196103257,2.0
14752,0.666760086887,0.256377382843,0.0768625302698,0.0
14992,0.308174729652,0.665173712553,0.0266515577948,2.0
967,0.564500215424,0.180230582244,0.255269202332,2.0
8059,0.874292817895,0.111099704581,0.0146074775236,0.0
13406,0.710124575276,0.25510638961,0.0347690351141,0.0
11424,0.988333333333,0.0116666666667,0.0,0.0
3945,0.0848869047452,0.18853940001,0.726573695245,2.0
10351,0.390447117505,0.233236611827,0.376316270668,2.0
2272,0.886648709502,0.113351290498,0.0,0.0
10752,0.701398042159,0.296819725651,0.00178223219053,1.0
17096,0.101194382,0.152118696957,0.746686921043,2.0
17314,0.339967961783,0.182544009259,0.477488028958,2.0
12770,0.372036676979,0.431633138099,0.196330184922,1.0
3304,0.503344802784,0.175595962355,0.321059234861,1.0
9012,0.808551270069,0.183819153097,0.00762957683334,0.0
9928,0.338931773174,0.0321579079859,0.62891031884,2.0
297,0.553937420731,0.320759514771,0.125303064498,2.0
5751,0.846728250818,0.153036593434,0.000235155747765,0.0
17692,0.404085000665,0.588418634487,0.00749636484772,1.0
3688,0.928662941664,0.0708466128255,0.000490445510351,0.0
3425,0.28148785086,0.560039276512,0.158472872628,1.0
7871,0.359206580506,0.419546170665,0.221247248829,1.0
10013,0.705841885012,0.286895220862,0.00726289412558,0.0
13832,0.0965077621836,0.840598594702,0.0628936431144,1.0
11743,0.312963409328,0.259970415505,0.427066175166,1.0
10099,0.551379291777,0.367340812795,0.0812798954275,1.0
16682,0.159779939862,0.810400867541,0.0298191925964,1.0
10156,0.840887764317,0.156501436403,0.00261079927908,1.0
16154,0.661029662555,0.331215860307,0.00775447713862,0.0
14176,0.517659180388,0.478937787205,0.00340303240766,1.0
14964,0.183875756093,0.227792664585,0.588331579323,2.0
12896,0.156811928457,0.400694432404,0.442493639139,2.0
7288,0.291563746646,0.0764226566294,0.632013596725,2.0
15882,0.772351591936,0.170080728853,0.0575676792106,0.0
12441,0.472620890122,0.342999488165,0.184379621712,1.0
17248,0.503151087465,0.490467823011,0.00638108952368,0.0
16745,0.718992156444,0.254404376622,0.0266034669342,0.0
5315,0.45734534845,0.338317677729,0.204336973821,0.0
17118,0.383372529481,0.603683693741,0.0129437767783,1.0
7725,0.904073992155,0.0869116189021,0.00901438894273,0.0
2311,0.637228103577,0.344531800904,0.0182400955191,0.0
4292,0.83507578369,0.130836408025,0.034087808284,0.0
15773,0.966929801047,0.0329828627084,8.73362445415e-05,0.0
6531,0.98,0.02,0.0,0.0
16009,0.689040174243,0.2997016889,0.0112581368576,0.0
11930,0.945043873602,0.054956126398,0.0,0.0
8541,0.95695124926,0.0430487507396,0.0,0.0
11019,0.676145132188,0.283887632494,0.0399672353182,0.0
8274,0.906438434107,0.0935615658927,0.0,0.0
722,0.55023906331,0.423165065469,0.0265958712206,0.0
12305,0.520179748416,0.478428419409,0.00139183217494,1.0
11444,0.666027865827,0.296225336969,0.0377467972042,1.0
4006,0.431583355472,0.40695564703,0.161460997498,1.0
9231,0.433769206266,0.535369755438,0.0308610382961,1.0
6821,0.976575160574,0.0232661092676,0.00015873015873,0.0
12888,0.557771996444,0.438617110084,0.00361089347233,0.0
6779,0.636920430771,0.362486370555,0.000593198674238,0.0
11232,0.660211222467,0.33792348039,0.00186529714289,0.0
11685,0.0963619209716,0.514220772058,0.38941730697,2.0
1318,0.489120799131,0.486560314303,0.0243188865655,1.0
909,0.671229633595,0.309553836336,0.019216530069,1.0
18511,0.497746225369,0.472746603601,0.0295071710298,1.0
16460,0.998117647059,0.00180392156863,7.8431372549e-05,0.0
12008,0.981015741258,0.0189842587421,0.0,0.0
6811,0.989429471497,0.010570528503,0.0,0.0
16071,0.73832887177,0.180041951508,0.081629176722,0.0
4486,0.655344704866,0.283232731971,0.0614225631621,0.0
183,0.434381940893,0.550040081213,0.0155779778945,1.0
5729,0.968146320264,0.0303825371231,0.00147114261309,0.0
15368,0.47342610145,0.419455483612,0.107118414938,0.0
5064,0.619329631332,0.227349407294,0.153320961373,0.0
11530,0.92022308893,0.0787661831241,0.0010107279461,0.0
14860,0.575124160858,0.395498896069,0.0293769430739,0.0
13166,0.91783712067,0.0731313247124,0.00903155461773,0.0
14528,0.812295398164,0.187704601836,0.0,0.0
4202,0.524448894457,0.429954505657,0.0455965998867,1.0
3916,0.207257310264,0.62460908949,0.168133600246,1.0
11454,0.784605049107,0.208262762512,0.00713218838108,1.0
12297,0.778339300901,0.112495217869,0.10916548123,0.0
553,0.286609873811,0.0796683076501,0.633721818539,0.0
10390,0.323095681197,0.330906129892,0.345998188911,1.0
5056,0.893659895157,0.105416713141,0.000923391701561,0.0
10503,0.689551298409,0.308954636544,0.00149406504701,0.0
1835,0.550974348875,0.407546733878,0.0414789172469,1.0
10085,0.999655172414,0.000344827586207,0.0,0.0
13807,0.560089069468,0.299463361268,0.140447569264,0.0
11318,0.986174097327,0.0138259026733,0.0,0.0
533,0.972121753718,0.0274024619207,0.000475784361382,0.0
10538,0.637231015285,0.30095753842,0.0618114462944,1.0
11549,0.854702044646,0.131435681748,0.0138622736063,0.0
16900,0.917076811651,0.0691122682382,0.0138109201104,0.0
599,0.842582040912,0.146281219716,0.0111367393718,0.0
11700,0.381503047525,0.536498148165,0.0819988043095,0.0
18331,0.8378331613,0.139874669587,0.0222921691134,0.0
5381,0.273085246464,0.166921100485,0.559993653051,2.0
13638,0.732369271005,0.168958285099,0.0986724438957,0.0
2703,0.86963311025,0.0947503447359,0.0356165450146,0.0
13686,0.20118960935,0.228385380435,0.570425010215,0.0
6240,0.12161507029,0.181559170068,0.696825759642,2.0
8546,0.120176332712,0.106546991741,0.773276675548,0.0
4578,0.520926314562,0.465496115607,0.0135775698312,0.0
15870,0.284511121088,0.237277328956,0.478211549956,0.0
17084,0.957660370777,0.040405869474,0.00193375974933,0.0
4114,0.616786907844,0.290683462977,0.0925296291794,0.0
8011,0.792516365203,0.0487113653211,0.158772269476,0.0
6588,0.995196242781,0.00480375721896,0.0,0.0
12490,0.715696110472,0.170082044038,0.11422184549,2.0
3975,0.998181818182,0.00181818181818,0.0,0.0
4720,0.828001512534,0.170545916195,0.00145257127108,0.0
15209,0.836905215945,0.12954348454,0.0335512995154,0.0
6092,0.76280165083,0.222374062246,0.0148242869234,1.0
9426,0.446740414686,0.124065420583,0.429194164731,0.0
2307,0.982528547987,0.0174714520129,0.0,0.0
13291,0.435974061012,0.542489799663,0.0215361393252,0.0
17245,0.458948281346,0.529615760734,0.0114359579194,1.0
11726,0.983439069285,0.0121159818671,0.00444494884757,0.0
15486,0.39506582452,0.483614218361,0.121319957119,0.0
9033,0.596346382447,0.367861993766,0.0357916237872,2.0
9959,0.335278536544,0.502943425455,0.161778038,0.0
3798,0.999655172414,0.000344827586207,0.0,0.0
15624,0.277708502291,0.469743714213,0.252547783496,1.0
5995,0.859444679835,0.140519732976,3.55871886121e-05,0.0
9644,0.547555532625,0.425523500105,0.02692096727,0.0
10779,0.94666176422,0.0533382357803,0.0,0.0
9734,0.699527530574,0.300472469426,0.0,1.0
14954,0.597987265714,0.290231579501,0.111781154785,1.0
15493,0.801348060227,0.191149499422,0.00750244035133,0.0
6222,0.289196909463,0.688899023089,0.0219040674478,1.0
17390,0.627411825101,0.369536622041,0.00305155285876,1.0
6826,0.334491524872,0.639550473466,0.0259580016619,1.0
8611,0.287971049577,0.405448439775,0.306580510649,2.0
9087,0.759291673393,0.185402473763,0.0553058528444,0.0
17472,0.352200296102,0.602199449955,0.0456002539434,1.0
12760,0.782983893764,0.215557628377,0.0014584778584,0.0
4963,0.292681861457,0.19832703965,0.508991098893,2.0
6225,0.141780821918,0.513601598174,0.344617579909,1.0
7959,0.754126430305,0.226964870739,0.0189086989559,0.0
1773,0.606060186523,0.372418168769,0.0215216447074,1.0
6136,0.962789366341,0.0372106336589,0.0,1.0
5965,0.371140102362,0.600109344624,0.0287505530144,1.0
5390,0.751278041,0.248528297028,0.000193661971831,0.0
13663,0.337627108385,0.314945548319,0.347427343296,2.0
4501,0.815113882259,0.177692400525,0.00719371721606,0.0
13442,0.190665803096,0.596764257319,0.212569939585,1.0
6958,0.851644819058,0.125794275827,0.0225609051152,0.0
16339,0.365283221526,0.587110205261,0.0476065732127,0.0
9372,0.620921682272,0.202813862323,0.176264455405,0.0
5576,0.379401827854,0.601034006775,0.0195641653711,1.0
663,0.122317133723,0.129335866836,0.748346999441,0.0
1473,0.51688119698,0.428167216635,0.0549515863844,1.0
949,0.457384619904,0.475321334325,0.0672940457712,0.0
10513,0.382093975696,0.478663332695,0.139242691609,0.0
14289,0.526963095036,0.430807336426,0.0422295685379,1.0
15260,0.938292136025,0.0598112670627,0.00189659691217,0.0
9812,0.685233833714,0.261878964644,0.0528872016426,0.0
4916,0.199328622095,0.198825349771,0.601846028135,2.0
17515,0.634090469848,0.301655838266,0.0642536918858,2.0
17388,0.87316484357,0.125289342327,0.00154581410294,0.0
4450,0.930061336686,0.0583060785509,0.0116325847628,0.0
16258,0.884923000712,0.0820371773143,0.0330398219737,0.0
10528,0.487992470287,0.510094393294,0.00191313641886,0.0
4003,0.818966475684,0.179674331653,0.00135919266327,1.0
3954,0.618621108167,0.380371006132,0.00100788570068,1.0
13945,0.492522814405,0.489023612665,0.0184535729304,1.0
15607,0.616658817196,0.370168949283,0.0131722335207,0.0
11897,0.380800821727,0.285172976328,0.334026201945,0.0
12609,0.922159364919,0.0541020831204,0.0237385519609,0.0
10122,1.0,0.0,0.0,0.0
7886,0.964828023077,0.0345761674277,0.000595809495026,0.0
15771,0.938589823951,0.0399895803891,0.0214205956596,0.0
17681,0.434253774779,0.504356355212,0.0613898700084,0.0
15863,0.43923400151,0.440952346178,0.119813652312,2.0
17690,0.198514013246,0.326864612475,0.474621374279,1.0
8606,0.999655172414,0.000344827586207,0.0,0.0
11362,0.678721912896,0.320644750548,0.000633336555129,0.0
4604,0.60363212979,0.273484283436,0.122883586773,0.0
5480,0.948271295953,0.0517287040473,0.0,0.0
12277,0.423881388621,0.110983606557,0.465135004822,2.0
1400,0.95991818767,0.0389746252716,0.00110718705878,0.0
6687,0.976949030519,0.0216199283002,0.00143104118104,0.0
11153,0.863553447375,0.114741577183,0.0217049754415,0.0
8313,0.0987283464673,0.116282824569,0.784988828964,2.0
5787,0.767842717213,0.230932065747,0.00122521704012,0.0
741,0.490726612156,0.46523869725,0.0440346905945,0.0
16502,0.936572190836,0.0399708675649,0.0234569415987,0.0
4036,0.349261398819,0.391982913323,0.258755687858,0.0
5029,0.812397423915,0.180742230021,0.00686034606411,0.0
18158,0.267358691558,0.315641645032,0.416999663411,1.0
18441,0.966998410221,0.0330015897791,0.0,0.0
4268,0.918084818096,0.0808585333064,0.00105664859779,0.0
4092,0.443491580354,0.263856657026,0.29265176262,0.0
16819,0.933350559257,0.0655674281605,0.00108201258247,0.0
7774,0.177209207481,0.303781413169,0.51900937935,2.0
5824,0.73347237948,0.20447815628,0.0620494642408,0.0
7295,0.462814750824,0.347973391751,0.189211857426,1.0
18146,0.708489973448,0.213139917108,0.078370109445,0.0
17409,0.3025,0.17,0.5275,2.0
6095,0.692546086034,0.257981969604,0.0494719443615,0.0
9032,0.849505768595,0.117812780137,0.0326814512682,0.0
5210,0.97568043732,0.0243195626804,0.0,0.0
11177,0.88906367935,0.110012928948,0.000923391701561,0.0
12324,0.277496035262,0.702490197191,0.0200137675466,1.0
1697,0.781794771367,0.206125874331,0.0120793543017,0.0
3106,0.616849877812,0.340645849253,0.0425042729354,1.0
7824,0.822297045187,0.175581321913,0.00212163290018,0.0
2588,0.239614766933,0.322396407709,0.437988825358,0.0
13644,0.975210886807,0.0243133288316,0.000475784361382,0.0
13082,0.959769094139,0.0402309058615,0.0,0.0
8150,0.870805455604,0.129194544396,0.0,0.0
6234,0.237301210719,0.128337283331,0.63436150595,0.0
10350,0.772671100004,0.227328899996,0.0,0.0
13538,0.904073992155,0.0869116189021,0.00901438894273,0.0
2338,0.841905883082,0.157115529917,0.000978587000854,0.0
17947,0.871476311684,0.128523688316,0.0,0.0
9786,0.430926079086,0.532115671411,0.0369582495036,0.0
9514,0.779044941424,0.195281727046,0.0256733315294,0.0
13670,0.879218130569,0.103883844859,0.016898024572,0.0
15482,0.531521164358,0.436030979962,0.0324478556803,0.0
12517,0.553044559412,0.411383622019,0.0355718185688,1.0
411,0.378360579507,0.201406156929,0.420233263564,1.0
10237,0.41379661251,0.266279944808,0.319923442682,0.0
12734,0.529678607108,0.248184386027,0.222137006865,0.0
10863,0.793584698189,0.204956823953,0.0014584778584,0.0
11390,0.751684416253,0.222022869023,0.0262927147242,0.0
5260,0.566454514259,0.39143812404,0.0421073617013,0.0
8244,0.465125292123,0.534189289818,0.000685418058522,1.0
4161,0.404577188716,0.574806167393,0.0206166438903,1.0
16354,0.679105051222,0.26644940384,0.0544455449378,0.0
15236,0.996128798439,0.00246575597063,0.00140544559056,0.0
14877,0.366332778508,0.519976490786,0.113690730706,0.0
4810,0.969727971675,0.0301846920808,8.73362445415e-05,0.0
4637,0.873962219773,0.111463619559,0.0145741606675,0.0
14124,0.64145570526,0.231880415608,0.126663879131,1.0
4737,0.956131830368,0.043868169632,0.0,0.0
5377,0.344908938867,0.633777166008,0.0213138951247,1.0
14696,0.362974139296,0.171326495286,0.465699365418,0.0
2880,0.670411451503,0.271687047674,0.0579015008231,1.0
17021,0.935693706425,0.0632704703686,0.00103582320602,0.0
11043,0.993266565472,0.00673343452791,0.0,0.0
6,0.5976248525,0.40001996778,0.00235517972084,1.0
2380,0.670777146865,0.227800041311,0.101422811823,1.0
6563,0.699203449335,0.271850181994,0.0289463686712,0.0
2273,0.676490378576,0.268170187754,0.0553394336706,0.0
1743,0.44096677918,0.546285894133,0.0127473266866,1.0
12919,0.285440017409,0.276151178101,0.43840880449,2.0
7922,0.567635879262,0.412682195143,0.0196819255946,0.0
8201,0.905206759703,0.0879431976071,0.00685004269023,0.0
13659,0.820541279996,0.17778317013,0.00167554987391,0.0
2861,0.688563374233,0.216935617427,0.0945010083398,0.0
17883,0.111243296031,0.510572355497,0.378184348472,2.0
17057,0.989125476338,0.0108745236623,0.0,0.0
12316,0.664192943392,0.33525079553,0.000556261077622,0.0
12541,0.621884071694,0.331641194306,0.0464747339993,0.0
363,0.898018260206,0.0715515357026,0.030430204091,0.0
4166,0.551568686624,0.366652279414,0.0817790339614,1.0
8354,0.281200958125,0.397594491045,0.32120455083,0.0
9160,0.160506769471,0.770780312812,0.0687129177171,1.0
1476,0.973233447781,0.0262180405845,0.000548511634109,0.0
8193,0.914549056255,0.0766863901154,0.00876455362988,1.0
12708,0.552283335759,0.387080009538,0.0606366547036,1.0
13410,0.491747307215,0.504605643888,0.00364704889709,0.0
12066,0.934571453619,0.0653231823959,0.000105363984674,0.0
8570,0.538854850417,0.424209148275,0.0369360013082,0.0
4204,0.71945321529,0.244029234832,0.0365175498784,0.0
18290,0.983037352845,0.016962647155,0.0,0.0
11441,0.266239865788,0.313598390013,0.420161744199,2.0
17975,0.622483140029,0.311056131956,0.0664607280154,1.0
11262,0.316521461195,0.328699324049,0.354779214756,0.0
3768,0.865717902067,0.0889091413901,0.0453729565428,0.0
11418,0.977308968052,0.0226910319482,0.0,0.0
13813,0.19967601115,0.63385386254,0.16647012631,1.0
1665,0.227636471063,0.585746126408,0.186617402529,1.0
4170,0.858015274221,0.129859614315,0.0121251114648,0.0
12798,0.9355044491,0.0352427790893,0.0292527718109,0.0
681,0.829119967046,0.137668308798,0.0332117241554,0.0
319,0.789957483292,0.179257930373,0.0307845863345,0.0
17956,0.96616176422,0.0338382357803,0.0,0.0
429,0.977039034052,0.0169942875223,0.00596667842587,0.0
6663,0.530266152733,0.414538898051,0.0551949492163,1.0
10586,0.596668357301,0.39990629722,0.0034253454792,1.0
8583,0.709142760554,0.245409103974,0.0454481354721,0.0
8030,0.832194301419,0.167489113176,0.000316585404985,0.0
5099,0.91891365709,0.0794023684129,0.00168397449659,0.0
446,0.526536047912,0.466149183845,0.00731476824276,1.0
5725,0.16193467168,0.634540969979,0.203524358341,1.0
15436,0.381740361298,0.350145471486,0.268114167216,0.0
6758,0.97344588245,0.0263703221927,0.000183795357223,0.0
6449,0.995475792682,0.00452420731846,0.0,0.0
4552,0.140900862008,0.205936299187,0.653162838805,1.0
17865,0.349451661206,0.126556737188,0.523991601606,0.0
1645,0.183010263714,0.733009460648,0.0839802756384,1.0
1308,0.652092973719,0.346432641646,0.00147438463528,0.0
8781,0.921195352256,0.0788046477436,0.0,1.0
831,0.920603208695,0.0793967913045,0.0,0.0
15145,0.624396054918,0.226660099211,0.148943845872,0.0
17654,0.853772446594,0.135935906069,0.0102916473369,0.0
603,0.965325704225,0.0346742957746,0.0,0.0
5962,0.578620207514,0.421244863939,0.00013492854769,0.0
11520,0.64145570526,0.231880415608,0.126663879131,0.0
10341,0.694490250459,0.302842573651,0.00266717589036,0.0
5070,0.263130988073,0.0876586743056,0.649210337621,0.0
1197,0.98345750924,0.0150497089249,0.0014927818351,0.0
6187,0.540323231189,0.244225748367,0.215451020445,1.0
733,0.610778846115,0.302705699584,0.0865154543015,0.0
2242,0.977334490368,0.0226655096323,0.0,0.0
479,0.556220102785,0.40202959854,0.0417502986751,0.0
12362,0.891092270256,0.10880236576,0.000105363984674,0.0
14596,0.698407895651,0.301257491204,0.000334613145117,0.0
6801,0.20109763248,0.408586053039,0.39031631448,1.0
4896,0.492374120849,0.480369395329,0.0272564838225,1.0
3287,0.307071985407,0.528868003975,0.164060010617,1.0
8377,0.691943015854,0.306390339144,0.00166664500192,1.0
14233,0.721109165509,0.235965210848,0.0429256236422,0.0
5065,0.72260836076,0.235418467932,0.0419731713078,0.0
6233,0.973288100265,0.0250383540178,0.00167354571766,0.0
4160,0.707806675604,0.286773709984,0.00541961441167,0.0
16840,0.976692090135,0.0233079098649,0.0,0.0
18192,0.86760787764,0.123488352886,0.0089037694737,0.0
7711,0.500943082689,0.482962614783,0.0160943025281,0.0
7254,0.275083019599,0.55660302246,0.168313957941,1.0
3214,0.697272834104,0.261717508963,0.0410096569325,0.0
14597,0.85098310424,0.139292827587,0.00972406817328,1.0
15086,0.199644960503,0.25903503986,0.541319999637,2.0
8686,0.693629481075,0.304819058721,0.00155146020449,0.0
16989,0.326103704268,0.193201448371,0.48069484736,2.0
420,0.198339181493,0.752689659079,0.0489711594278,0.0
16891,0.999655172414,0.000344827586207,0.0,0.0
8046,0.653072203178,0.298920206808,0.048007590014,1.0
7484,0.859160049004,0.138842517092,0.00199743390401,0.0
14880,0.791190637216,0.176656685712,0.0321526770719,0.0
16049,0.507865733768,0.284606502356,0.207527763876,0.0
227,0.447733285496,0.102103493107,0.450163221397,0.0
1387,0.477729891444,0.521656328719,0.000613779837333,0.0
12011,0.970375550406,0.0295371133495,8.73362445415e-05,0.0
6123,0.629898994596,0.302596889487,0.067504115917,0.0
8935,0.513491363669,0.438233843498,0.0482747928334,0.0
2865,0.901853852539,0.088800764095,0.00934538336602,0.0
17241,0.881288524717,0.0973486440457,0.0213628312376,0.0
5237,0.805650473227,0.186824213817,0.00752531295562,0.0
3185,0.784438646012,0.215302519029,0.00025883495926,1.0
4691,0.782768791432,0.184596993401,0.0326342151675,0.0
8423,0.781261503448,0.217720779512,0.00101771704012,0.0
17894,0.861644819058,0.115794275827,0.0225609051152,0.0
14642,0.953634438939,0.0463655610613,0.0,0.0
5292,0.962061946514,0.0379380534858,0.0,0.0
3670,0.345764049039,0.618712249219,0.0355237017421,1.0
7301,0.907612788247,0.0591423232089,0.0332448885439,1.0
2105,0.755217161441,0.240724266773,0.00405857178536,0.0
1954,0.952226024301,0.0463513778189,0.00142259787969,0.0
7699,0.71459103773,0.253747078552,0.0316618837179,0.0
15680,0.346216791697,0.492268610086,0.161514598216,1.0
16960,0.98,0.02,0.0,0.0
2476,0.86098721423,0.13901278577,0.0,0.0
4646,0.999769094139,0.000230905861456,0.0,0.0
4826,0.996329774982,0.00367022501758,0.0,0.0
14595,0.329211364799,0.520743209135,0.150045426065,1.0
12970,0.569345925264,0.410882649573,0.0197714251631,1.0
9353,0.767231294009,0.232116417304,0.000652288687709,0.0
17222,0.93428939699,0.065488394382,0.000222208628285,0.0
10057,0.962093642449,0.0379063575511,0.0,0.0
12864,0.261210202102,0.288740079757,0.450049718141,2.0
16999,0.843673781137,0.126355992375,0.0299702264881,0.0
2692,0.52548143486,0.473790412039,0.000728153101258,0.0
14976,0.983439069285,0.0121159818671,0.00444494884757,0.0
6847,0.905258448239,0.0947415517605,0.0,1.0
15784,0.937191263389,0.0378918752683,0.0249168613423,0.0
8439,0.540286945884,0.453483530591,0.00622952352478,1.0
7067,0.206311468802,0.168880195275,0.624808335923,0.0
18113,0.546575840027,0.452581130975,0.000843028997776,1.0
17415,0.807948332033,0.184506492573,0.00754517539407,0.0
12978,0.949396465838,0.0421002025574,0.00850333160459,0.0
5459,0.485021506962,0.502961279316,0.0120172137217,0.0
10742,0.341235614287,0.601404750798,0.0573596349151,1.0
497,0.81556855066,0.183208127229,0.00122332211063,0.0
6646,0.869770461602,0.107464551377,0.0227649870214,0.0
12958,0.336475149868,0.199212716569,0.464312133563,0.0
5394,0.671371594667,0.32287055929,0.00575784604306,0.0
12610,0.381595634975,0.600689424972,0.0177149400532,1.0
5926,0.57105881158,0.423510260642,0.00543092777839,0.0
9713,0.999411951281,0.000588048718599,0.0,0.0
7364,0.667966516668,0.324415580665,0.0076179026668,0.0
5311,0.886369077479,0.105450459425,0.00818046309591,0.0
13337,0.692150636161,0.307040350776,0.000809013062924,0.0
11149,0.997324675325,0.00181818181818,0.000857142857143,0.0
6938,0.541201875506,0.444039474666,0.0147586498288,1.0
14109,0.698847568078,0.170758214105,0.130394217816,0.0
16926,0.681218880409,0.318781119591,0.0,0.0
5219,0.976712695935,0.0232873040648,0.0,0.0
14939,0.285634465105,0.597440548448,0.116924986447,1.0
6492,0.873991871356,0.118523363809,0.00748476483429,0.0
4107,0.884511397294,0.0914235638887,0.024065038817,0.0
506,0.358768876441,0.345368552661,0.295862570898,0.0
2435,0.583168618831,0.374925454042,0.0419059271266,1.0
12376,0.51789116773,0.37499620609,0.10711262618,1.0
135,0.951372788813,0.0402022348966,0.00842497629088,0.0
9605,0.980870785742,0.0191292142575,0.0,0.0
13872,0.722239429847,0.256261498698,0.0214990714549,0.0
15057,0.497047617449,0.154039935285,0.348912447266,0.0
11020,0.400094970096,0.593573644775,0.00633138512931,1.0
3536,0.91290266783,0.0661381521357,0.0209591800342,0.0
14249,0.398519517227,0.134834479822,0.466646002951,2.0
3979,0.61662638153,0.381900802462,0.00147281600783,0.0
8293,0.944976979887,0.0545472357515,0.000475784361382,0.0
2987,0.989769094139,0.0102309058615,0.0,0.0
2361,0.303703806038,0.127415601244,0.568880592718,2.0
11595,0.410955903195,0.343500194652,0.245543902153,2.0
15473,0.458311856829,0.123591236238,0.418096906933,0.0
8927,0.980699431957,0.019300568043,0.0,0.0
7128,0.266864240183,0.123262046702,0.609873713116,1.0
5580,0.85318982638,0.116327646695,0.0304825269246,0.0
2302,0.743974638536,0.133007069386,0.123018292078,0.0
3332,0.977190435563,0.022722228192,8.73362445415e-05,0.0
15011,0.310478233071,0.666500511952,0.0230212549766,1.0
3262,0.278220791651,0.538794331546,0.182984876803,0.0
8459,0.0843630156562,0.0515311759613,0.864105808383,0.0
3303,0.494120270208,0.491403590944,0.0144761388485,0.0
7207,0.996329774982,0.00367022501758,0.0,0.0
2560,0.99,0.01,0.0,0.0
5935,0.970375550406,0.0295371133495,8.73362445415e-05,0.0
17817,0.800863904999,0.197322750686,0.00181334431505,0.0
6081,0.573366446817,0.381285557323,0.0453479958601,0.0
1244,0.530850062157,0.468499220409,0.000650717433948,1.0
784,0.945797907111,0.0542020928892,0.0,0.0
5703,0.293189518658,0.254733309645,0.452077171697,2.0
4848,0.446744793664,0.386824363809,0.166430842527,0.0
5634,0.248271448416,0.636824496811,0.114904054773,1.0
16696,0.914726710131,0.0645821751727,0.0206911146959,0.0
12619,0.957660370777,0.040405869474,0.00193375974933,0.0
15671,0.52420698875,0.474949982252,0.000843028997776,1.0
12676,0.814097117026,0.185572741385,0.000330141589179,0.0
18093,0.525692759948,0.449968718035,0.0243385220172,1.0
11855,0.445340092771,0.536243349935,0.018416557294,1.0
1456,0.792207229733,0.180628477494,0.0271642927736,0.0
17460,0.107916935865,0.279771081766,0.612311982369,1.0
12099,0.732569379528,0.228061523393,0.0393690970792,0.0
274,0.980870785742,0.0191292142575,0.0,0.0
105,0.59496551791,0.403404774685,0.00162970740531,1.0
13301,0.553824150734,0.404171245659,0.0420046036066,0.0
12782,0.696177486921,0.285954939378,0.0178675737002,2.0
8928,0.658496545271,0.340947193651,0.000556261077622,0.0
11604,0.775413728191,0.217349819551,0.0072364522588,0.0
16445,0.842214303456,0.125124224435,0.0326614721088,0.0
16694,0.415694809996,0.514814625569,0.0694905644348,1.0
646,0.978640422688,0.0213595773121,0.0,0.0
11171,0.502789526113,0.307689206953,0.189521266934,0.0
18228,0.176527516769,0.214804402622,0.608668080608,2.0
1104,0.383254679374,0.350904122802,0.265841197824,1.0
16966,0.331486219478,0.662332914382,0.00618086614077,0.0
16874,0.77078250368,0.150972791041,0.0782447052782,0.0
18127,0.429116911631,0.549312633651,0.0215704547172,1.0
1205,0.999655172414,0.000344827586207,0.0,0.0
3172,0.999660377358,0.000339622641509,0.0,0.0
18535,0.854305879537,0.145694120463,0.0,0.0
8729,0.360050633976,0.293336323826,0.346613042198,1.0
3384,0.778443027592,0.134878833171,0.0866781392365,0.0
7640,0.602184781883,0.327152941381,0.0706622767365,0.0
7007,0.892883826668,0.0981952381834,0.00892093514871,0.0
11469,0.864421749389,0.134689790722,0.00088845988846,0.0
16837,0.644139286163,0.312523981361,0.0433367324765,1.0
17237,0.839495919792,0.127835315138,0.0326687650698,0.0
19,0.388137558527,0.539239348877,0.0726230925965,1.0
14290,0.886461971632,0.111489122741,0.00204890562746,0.0
6761,0.694148417583,0.30283946501,0.00301211740758,0.0
15850,0.843395858898,0.156604141102,0.0,0.0
16249,0.988623277649,0.0113767223513,0.0,0.0
11170,0.974575966172,0.0249482494665,0.000475784361382,0.0
9380,0.435753055871,0.543206791925,0.021040152204,1.0
1790,0.362791460047,0.634853360232,0.00235517972084,0.0
14735,0.293468299466,0.0954627516279,0.611068948906,2.0
14241,0.465967398942,0.498170004072,0.0358625969853,1.0
5689,0.979007901523,0.0195610572955,0.00143104118104,0.0
14799,0.63332595589,0.337659050669,0.0290149934408,1.0
15037,0.81166521515,0.181275323742,0.00705946110835,0.0
17745,0.908230519706,0.074691048719,0.0170784315751,1.0
874,0.141524806413,0.0593548774867,0.7991203161,2.0
11724,0.834160680199,0.147677628454,0.0181616913473,0.0
12109,0.668210029647,0.310086500604,0.0217034697487,0.0
2589,0.585154129474,0.28919568135,0.125650189176,1.0
1619,0.408424050423,0.505926691272,0.085649258305,0.0
9224,0.674165137965,0.286703188439,0.0391316735962,0.0
6197,0.687816273999,0.279113558618,0.033070167383,0.0
6643,0.534882388607,0.411828789758,0.0532888216347,1.0
14544,0.732055927868,0.261187989945,0.00675608218639,1.0
14337,0.808325384843,0.184814269093,0.00686034606411,0.0
16159,0.954256967507,0.045743032493,0.0,0.0
12623,0.938504901983,0.0595985011053,0.00189659691217,0.0
11193,0.439450817924,0.472590852414,0.087958329662,1.0
10700,0.737688800063,0.261122920494,0.0011882794435,0.0
1264,0.652429677018,0.150204371662,0.19736595132,0.0
18386,0.983449369947,0.0164452660685,0.000105363984674,0.0
5364,0.98,0.02,0.0,0.0
16123,0.366038234058,0.612516236856,0.0214455290867,0.0
6111,0.203262383834,0.62061761307,0.176120003096,1.0
7607,0.0690144241819,0.434677532061,0.496308043757,2.0
14830,0.340715735888,0.641538419544,0.0177458445676,1.0
12961,0.712928752423,0.21751233355,0.0695589140272,2.0
16230,0.585551490075,0.100844199353,0.313604310573,0.0
8174,0.386696523849,0.572033055237,0.0412704209144,1.0
15369,0.42923203388,0.49313572073,0.07763224539,0.0
4558,0.964303234501,0.0356967654987,0.0,0.0
12259,0.839721925844,0.147833641386,0.0124444327699,0.0
14532,0.689983101096,0.247638750355,0.062378148549,0.0
6004,0.989660377358,0.0103396226415,0.0,0.0
12646,0.875617189186,0.122965826731,0.00141698408247,0.0
8685,0.898650017606,0.101156320422,0.000193661971831,0.0
11183,0.511693808343,0.416462577565,0.0718436140926,0.0
8953,0.548562997857,0.450593973145,0.000843028997776,1.0
17491,0.694513685436,0.295111235877,0.0103750786872,0.0
13130,0.99,0.01,0.0,0.0
14740,0.915348102811,0.0616828551874,0.0229690420014,0.0
532,0.823663609294,0.167732469012,0.00860392169435,0.0
13907,0.767556823268,0.212674891097,0.0197682856358,1.0
18363,0.382958296931,0.4703435502,0.146698152869,1.0
10422,0.918876866697,0.0684708452846,0.0126522880181,0.0
6041,0.271275635404,0.0337683575413,0.694956007055,0.0
8590,0.261617647059,0.320996732026,0.417385620915,2.0
17319,0.977219201907,0.0227807980925,0.0,0.0
14844,0.533908292218,0.420818853893,0.0452728538888,1.0
6719,0.23759505461,0.240978984689,0.521425960701,2.0
417,0.416623834965,0.572286088841,0.0110900761935,1.0
16552,0.374609351148,0.56274213942,0.0626485094311,1.0
2145,0.986774663649,0.0118198907607,0.00140544559056,0.0
13169,0.685640008938,0.308940376651,0.00541961441167,0.0
15657,0.771617367021,0.228304201607,7.8431372549e-05,0.0
17361,0.968243164154,0.0317568358457,0.0,0.0
17844,0.999655172414,0.000344827586207,0.0,0.0
16368,0.998059508127,0.00194049187293,0.0,0.0
4652,0.904204710751,0.0620832439374,0.0337120453114,0.0
4238,0.150437180327,0.801802158852,0.0477606608206,0.0
7490,0.220182187841,0.16193249012,0.61788532204,2.0
8847,0.933529353874,0.0421391805297,0.0243314655959,0.0
11995,0.423464143789,0.274214310428,0.302321545783,0.0
7139,0.786683244303,0.212299038657,0.00101771704012,0.0
6002,0.996128798439,0.00246575597063,0.00140544559056,0.0
14402,0.649814073199,0.243845925699,0.106340001102,0.0
14409,0.977744373538,0.0165328504755,0.00572277598685,0.0
1098,0.916860031735,0.0736382233119,0.00950174495279,0.0
12774,0.68523187662,0.312634438682,0.00213368469766,1.0
5249,0.144515998719,0.0457064530777,0.809777548203,2.0
1382,0.135101337253,0.531008756799,0.333889905948,2.0
15226,0.655640008938,0.338940376651,0.00541961441167,1.0
94,0.423033853664,0.519527582498,0.057438563838,2.0
9591,0.957447604819,0.0406186354315,0.00193375974933,0.0
11886,0.624195062962,0.335010344711,0.0407945923267,0.0
1621,0.432930880344,0.542080778145,0.0249883415118,1.0
810,0.531537843054,0.461520258756,0.00694189819069,0.0
8536,0.397729891444,0.601656328719,0.000613779837333,1.0
3169,0.738892096576,0.259899528548,0.00120837487537,1.0
6788,0.395091041442,0.160443382491,0.444465576067,2.0
3111,0.602833061653,0.283040919445,0.114126018902,0.0
4080,0.691371594667,0.30287055929,0.00575784604306,1.0
18193,0.621386650501,0.377962632065,0.000650717433948,1.0
16218,0.150912658482,0.654589164632,0.194498176886,1.0
4246,0.936149982056,0.062768005361,0.00108201258247,0.0
14125,0.60595243289,0.318403542998,0.0756440241125,0.0
821,0.268268168892,0.448373917847,0.283357913262,1.0
13006,0.972598527146,0.0268529612195,0.000548511634109,0.0
18173,0.763331881817,0.229608657075,0.00705946110835,0.0
11276,0.282549016417,0.377493155987,0.339957827596,0.0
10371,0.99,0.01,0.0,0.0
9261,1.0,0.0,0.0,0.0
18297,0.711761448823,0.251635841287,0.0366027098899,0.0
912,0.505394473165,0.43601914586,0.0585863809755,1.0
7579,0.529042109312,0.450295847877,0.0206620428113,1.0
10263,0.620510093124,0.376918478305,0.00257142857143,1.0
18391,0.627817164035,0.181421646726,0.190761189239,0.0
16015,0.795916423571,0.154136971308,0.0499466051206,1.0
17938,0.966674950745,0.0307536206832,0.00257142857143,0.0
2894,0.67837353023,0.291945337177,0.0296811325923,0.0
6648,0.8966839031,0.0833239323633,0.0199921645362,0.0
11137,0.424053590532,0.373670061033,0.202276348434,2.0
17054,0.999429471497,0.000570528502966,0.0,0.0
6495,0.564453322842,0.410505731113,0.025040946045,0.0
10070,0.985871481951,0.0141285180492,0.0,0.0
11029,0.533239891069,0.447524782691,0.0192353262403,1.0
16043,0.983679828976,0.0163201710242,0.0,0.0
12529,0.44879390684,0.383754924083,0.167451169077,0.0
9536,0.853240839157,0.146488417907,0.000270742936377,1.0
5281,0.879471909925,0.107948427168,0.012579662907,0.0
14815,0.33135879026,0.649332626422,0.0193085833182,0.0
11651,0.600190799853,0.39919542031,0.000613779837333,1.0
6697,0.827689148827,0.141432439377,0.0308784117966,0.0
488,0.938292136025,0.0598112670627,0.00189659691217,0.0
9228,0.83742445897,0.152487623857,0.0100879171733,1.0
6298,0.455819943062,0.0437081689027,0.500471888036,2.0
12674,0.551339920748,0.447780112658,0.000879966594391,0.0
18262,0.877825550479,0.120075440582,0.00209900893947,0.0
3569,0.613874786978,0.320650634705,0.0654745783169,1.0
17870,0.969571717373,0.0303229186428,0.000105363984674,0.0
2074,0.982945214654,0.0170547853463,0.0,0.0
16700,0.145846116115,0.0955146660974,0.758639217788,2.0
8286,0.970198056974,0.0281283973079,0.00167354571766,1.0
6739,0.428051866636,0.555094422836,0.0168537105279,0.0
13417,0.652012549443,0.293945168551,0.0540422820064,0.0
12365,0.700508050491,0.228046112497,0.0714458370113,0.0
6966,0.362725826968,0.610153093008,0.0271210800245,1.0
6572,0.611412284321,0.381332224392,0.00725549128688,0.0
8558,0.607993017704,0.359495348285,0.0325116340104,0.0
11860,0.866889119437,0.132952150404,0.00015873015873,0.0
15193,0.835514288117,0.147757013271,0.0167286986111,0.0
17502,0.953507930423,0.0368610203205,0.00963104925635,0.0
13120,0.532662306107,0.447478811213,0.01985888268,0.0
17275,0.616042356704,0.366582482778,0.0173751605188,1.0
16879,0.91717892889,0.0745023804293,0.00831869068111,0.0
18392,0.785453551748,0.213861030193,0.000685418058522,1.0
11333,0.722203568636,0.277058059702,0.000738371661666,0.0
16107,0.713774123407,0.214052565193,0.0721733114002,0.0
2054,0.888606452812,0.111393547188,0.0,0.0
6395,0.743911874853,0.254421480145,0.00166664500192,0.0
14049,0.825128985274,0.174641765566,0.000229249160443,0.0
10894,0.792149760371,0.207515626484,0.000334613145117,0.0
6591,0.561565794518,0.406664732902,0.0317694725796,1.0
11403,0.935367755979,0.0414086413405,0.0232236026805,0.0
18213,0.904240973383,0.0879848173869,0.00777420923049,0.0
1691,0.98,0.01,0.01,0.0
13032,0.918232811567,0.0730068838599,0.00876030457344,0.0
13322,0.87848211896,0.0890419109025,0.0324759701373,0.0
1974,0.861644819058,0.115794275827,0.0225609051152,0.0
8387,0.968146320264,0.0303825371231,0.00147114261309,0.0
9942,0.981057326385,0.0189426736149,0.0,0.0
9577,0.525654257646,0.423087559094,0.0512581832602,0.0
5904,0.978399130769,0.0216008692314,0.0,0.0
7456,0.861727493761,0.136139130219,0.00213337601945,0.0
14265,0.620665883278,0.359044408873,0.0202897078493,0.0
17219,0.880750968239,0.117703217658,0.00154581410294,0.0
1086,0.632507028046,0.303907906301,0.0635850656532,0.0
17788,0.617324416521,0.382082384805,0.000593198674238,0.0
5336,0.983333333333,0.0166666666667,0.0,0.0
1314,0.307963409328,0.274970415505,0.417066175166,0.0
7208,0.907612788247,0.0591423232089,0.0332448885439,0.0
10998,0.679758720908,0.214040180442,0.106201098649,0.0
2143,0.712527787129,0.247574286251,0.0398979266194,0.0
1164,0.346346153846,0.153076923077,0.500576923077,2.0
6471,0.353978199949,0.394761536178,0.251260263873,2.0
9099,0.932606102664,0.0282715297165,0.0391223676194,0.0
13296,0.387250638737,0.547965652821,0.0647837084412,1.0
978,0.473332818509,0.51792457309,0.00874260840071,1.0
3645,0.468068948814,0.531895463997,3.55871886121e-05,0.0
4802,0.676479161042,0.322834534336,0.00068630462256,1.0
10027,0.123000719768,0.150301289565,0.726697990667,1.0
1022,0.43100578418,0.315342016243,0.253652199577,2.0
11848,0.584415143957,0.253306800438,0.162278055605,0.0
15419,0.975210886807,0.0243133288316,0.000475784361382,0.0
3058,0.654526743576,0.344786951801,0.00068630462256,0.0
7001,0.408675790708,0.139414793213,0.451909416079,2.0
8160,0.228051576952,0.232512980665,0.539435442383,0.0
14414,0.135529855394,0.180080754675,0.684389389931,2.0
8415,0.776657280222,0.204159170895,0.0191835488827,1.0
12471,0.726095027234,0.270460611441,0.00344436132574,0.0
11077,0.819008582122,0.180886053893,0.000105363984674,0.0
7847,0.733163435971,0.235800057894,0.0310365061352,0.0
6851,0.989769094139,0.0102309058615,0.0,0.0
4852,0.741309850941,0.209475990494,0.0492141585656,0.0
3982,0.815609804873,0.18085305763,0.00353713749652,0.0
8727,0.631359608349,0.140052398601,0.22858799305,0.0
10683,0.786683244303,0.212299038657,0.00101771704012,0.0
9412,0.698360807694,0.301603605118,3.55871886121e-05,1.0
6288,0.302546585096,0.67129158882,0.026161826084,1.0
18012,0.939583020113,0.0555656227497,0.00485135713745,0.0
6261,0.979304653847,0.0206953461527,0.0,0.0
8481,0.492904076147,0.422218587064,0.0848773367895,1.0
7926,0.95,0.05,0.0,0.0
8789,0.28643934886,0.17651199126,0.537048659881,2.0
2542,0.495481382598,0.483191591437,0.0213270259652,1.0
3571,0.464776950309,0.160356234024,0.374866815667,1.0
5602,0.882738218098,0.0925288428865,0.0247329390159,0.0
570,0.301056158067,0.678720195929,0.0202236460037,0.0
18452,0.99907232864,0.000927671360109,0.0,0.0
10478,0.272412254861,0.323664950466,0.403922794673,2.0
9793,0.979575922845,0.0204240771552,0.0,0.0
7516,0.664935881195,0.332708939084,0.00235517972084,1.0
15506,0.179394771021,0.316537227088,0.504068001891,0.0
4969,0.78981793806,0.183696979175,0.0264850827643,0.0
11738,0.375904845679,0.245650321373,0.378444832948,1.0
9037,0.915157313526,0.084737322489,0.000105363984674,0.0
2180,0.548078264446,0.419164566525,0.0327571690292,1.0
4831,0.718666751262,0.24593515875,0.0353980899882,0.0
4524,0.670752285497,0.255679628243,0.0735680862602,0.0
897,0.992223620687,0.00777637931318,0.0,0.0
11590,0.770408649494,0.222046175112,0.00754517539407,0.0
16275,0.179802837858,0.0866464320501,0.733550730092,2.0
6421,0.447397926128,0.283399428693,0.269202645178,0.0
12977,0.934593365422,0.0654066345783,0.0,0.0
10389,0.984726306386,0.0152736936139,0.0,0.0
716,0.321878352067,0.471107292414,0.207014355519,2.0
3821,0.918887461457,0.073776781567,0.00733575697594,0.0
9584,0.872414745166,0.127585254834,0.0,0.0
18110,0.391444848813,0.366321522914,0.242233628272,2.0
2184,0.29906396575,0.36667771576,0.33425831849,0.0
4253,0.868946443587,0.0757087664532,0.0553447899596,0.0
149,0.801052236266,0.198725555106,0.000222208628285,0.0
18163,0.977004138688,0.0213355834975,0.00166027781412,0.0
17847,0.952293807613,0.0477061923866,0.0,0.0
14558,0.394416387231,0.123326785653,0.482256827115,1.0
16573,0.858418927763,0.128204512917,0.0133765593206,0.0
18039,0.479674042697,0.496029928793,0.0242960285101,1.0
1428,0.62445445368,0.308046261326,0.0674992849945,1.0
13919,0.85249810621,0.123614520116,0.0238873736733,0.0
5775,0.301526065908,0.49679763084,0.201676303252,1.0
12068,0.631720669789,0.355657452918,0.0126218772926,0.0
2596,0.970870785742,0.0291292142575,0.0,0.0
15036,0.445497537613,0.37003056585,0.184471896537,0.0
13999,0.819764374251,0.141815446282,0.0384201794671,0.0
3182,0.915071883663,0.0847344543655,0.000193661971831,0.0
