id,predict_0,predict_1,predict_2,real
14121,0.994306428444,0.0056935715555,0.0,1.0
9320,0.99309236172,0.00690763828047,0.0,0.0
14394,0.586811619975,0.411927802485,0.00126057753923,1.0
8218,0.363890634076,0.424649104664,0.211460261261,1.0
14804,0.541577428616,0.405565740286,0.0528568310985,0.0
1080,0.619836901096,0.251888933526,0.128274165379,0.0
9731,0.939029565543,0.0591589734,0.00181146105714,0.0
15505,0.98663605284,0.0133639471597,0.0,0.0
3443,0.454619011954,0.545355639503,2.53485424588e-05,1.0
13300,0.623912962138,0.274703650062,0.1013833878,1.0
8976,0.375614683995,0.540349021964,0.0840362940412,1.0
7965,0.837648802669,0.162325848789,2.53485424588e-05,0.0
10342,0.567126508189,0.36761531975,0.0652581720618,0.0
6741,0.247346937676,0.723076240907,0.0295768214164,1.0
7187,0.598654412611,0.305587733854,0.0957578535343,0.0
16780,0.611952320937,0.387886577795,0.000161101267916,0.0
14195,0.696188354566,0.303786296892,2.53485424588e-05,0.0
14025,0.755364454747,0.197542273141,0.0470932721124,0.0
8548,0.521659807533,0.402724169458,0.0756160230084,1.0
9566,0.93038789046,0.0571946976256,0.0124174119139,0.0
15652,0.589289812349,0.110169160221,0.300541027429,0.0
3931,0.438805545913,0.523053824413,0.0381406296738,0.0
4557,0.969417233554,0.0254087320969,0.0051740343492,0.0
3610,0.99127044293,0.00855714327643,0.000172413793103,0.0
16574,0.850961918551,0.137535423208,0.0115026582411,0.0
7504,0.212641067225,0.776063907358,0.0112950254168,1.0
9735,0.927765984892,0.0698753425814,0.00235867252713,0.0
14048,0.591221540716,0.383193504575,0.0255849547091,1.0
6769,0.583926902061,0.374304097107,0.041769000832,0.0
2514,0.862673601098,0.113784611803,0.0235417870992,0.0
896,0.68400866301,0.277412051699,0.038579285291,0.0
4757,0.999310928365,0.0006890716352,0.0,0.0
16358,0.758560454888,0.237544797658,0.00389474745461,1.0
11810,0.832498454433,0.167476793092,2.47524752475e-05,0.0
7274,0.406601224116,0.504735343055,0.0886634328295,1.0
2972,0.926837185145,0.0725191022951,0.00064371255987,0.0
7392,0.868797681861,0.131177565664,2.47524752475e-05,0.0
6824,0.96482041327,0.0335529749126,0.00162661181766,0.0
4311,0.500220397672,0.104486710131,0.395292892197,2.0
12261,0.573635847354,0.297938199285,0.128425953361,2.0
14752,0.7020009682,0.234521562691,0.0634774691094,0.0
14992,0.215508395191,0.777737540136,0.00675406467308,2.0
967,0.536005998169,0.244272192071,0.21972180976,2.0
8059,0.890519892831,0.10567916343,0.00380094373881,0.0
13406,0.70398241618,0.245577374781,0.0504402090381,0.0
11424,0.998985507246,0.00101449275362,0.0,0.0
3945,0.0418921863082,0.177862439858,0.780245373834,2.0
10351,0.43183049951,0.308731547202,0.259437953288,2.0
2272,0.866125091128,0.133874908872,0.0,0.0
10752,0.763940699682,0.236034547843,2.47524752475e-05,1.0
17096,0.0913333333333,0.0920476190476,0.816619047619,2.0
17314,0.29699022578,0.17708733113,0.52592244309,2.0
12770,0.258705488306,0.486292373298,0.255002138396,1.0
3304,0.550203710792,0.0912078080657,0.358588481142,1.0
9012,0.840932954287,0.153610808266,0.00545623744705,0.0
9928,0.415491012388,0.0327864846349,0.551722502977,2.0
297,0.545436428121,0.317686098454,0.136877473425,2.0
5751,0.850312289781,0.149662957744,2.47524752475e-05,0.0
17692,0.350015392132,0.645090562672,0.00489404519609,1.0
3688,0.891570443534,0.108291941787,0.000137614678899,0.0
3425,0.205426301832,0.669252994693,0.125320703474,1.0
7871,0.315100589039,0.439190702496,0.245708708465,1.0
10013,0.766870771475,0.230305470627,0.00282375789846,0.0
13832,0.112409869138,0.836740391878,0.0508497389834,1.0
11743,0.392194614291,0.231740700141,0.376064685568,1.0
10099,0.56209564301,0.343962640734,0.0939417162562,1.0
16682,0.061034954025,0.926825811024,0.0121392349514,1.0
10156,0.896247318529,0.103727928995,2.47524752475e-05,1.0
16154,0.705721068887,0.29227169016,0.00200724095304,0.0
14176,0.468811664104,0.527692626236,0.00349570966068,1.0
14964,0.254260639852,0.217243599659,0.528495760489,2.0
12896,0.15034634462,0.41907649505,0.43057716033,2.0
7288,0.205774199241,0.0696592573577,0.724566543401,2.0
15882,0.738140357704,0.203111078492,0.0587485638038,0.0
12441,0.442687874812,0.369033897721,0.188278227468,1.0
17248,0.405227337379,0.590809348976,0.00396331364542,0.0
16745,0.82189005959,0.139687221933,0.0384227184774,0.0
5315,0.566874469063,0.264161471617,0.16896405932,0.0
17118,0.381942446048,0.594224021757,0.023833532195,1.0
7725,0.938921145579,0.0569006654776,0.0041781889435,0.0
2311,0.630071625123,0.347379397465,0.0225489774115,0.0
4292,0.920925558068,0.0618353069453,0.0172391349865,0.0
15773,0.972968466379,0.0270315336207,0.0,0.0
6531,1.0,0.0,0.0,0.0
16009,0.731338477101,0.257116713278,0.0115448096212,0.0
11930,0.964828050166,0.0351719498342,0.0,0.0
8541,0.979495707423,0.0205042925772,0.0,0.0
11019,0.603234442361,0.369669453242,0.027096104397,0.0
8274,0.894939773199,0.105060226801,0.0,0.0
722,0.531134261906,0.43828279631,0.030582941784,0.0
12305,0.493513809826,0.505158884609,0.001327305565,1.0
11444,0.641924354174,0.318507475521,0.0395681703051,1.0
4006,0.483977492447,0.391147955724,0.124874551828,1.0
9231,0.424731944498,0.536929811515,0.0383382439862,1.0
6821,0.971988194042,0.0276933346201,0.00031847133758,0.0
12888,0.498617462576,0.500972065303,0.000410472121267,0.0
6779,0.612412911077,0.387536987905,5.01010177063e-05,0.0
11232,0.643574187011,0.355912567335,0.000513245653477,0.0
11685,0.126328701033,0.456450777226,0.417220521741,2.0
1318,0.444540733675,0.526588342254,0.0288709240706,1.0
909,0.728567547743,0.260621319722,0.0108111325357,1.0
18511,0.444527846674,0.536484423318,0.0189877300074,1.0
16460,0.978831963843,0.0211680361571,0.0,0.0
12008,0.993701862637,0.00629813736311,0.0,0.0
6811,0.999568151147,0.000431848852901,0.0,0.0
16071,0.694773319651,0.175582713955,0.129643966393,0.0
4486,0.557528471896,0.343239131957,0.0992323961472,0.0
183,0.346367972787,0.626094429554,0.0275375976587,1.0
5729,0.980170049023,0.019513480661,0.00031647031647,0.0
15368,0.557988952687,0.342536621218,0.0994744260955,0.0
5064,0.599618540443,0.174115818847,0.22626564071,0.0
11530,0.936182411335,0.0637928361893,2.47524752475e-05,0.0
14860,0.571646649813,0.396301952791,0.0320513973962,0.0
13166,0.955092444877,0.0402692529821,0.00463830214133,0.0
14528,0.830398671652,0.169576575872,2.47524752475e-05,0.0
4202,0.536727413555,0.374420412277,0.0888521741689,1.0
3916,0.190276946609,0.675092662205,0.134630391186,1.0
11454,0.814006892774,0.182758330898,0.0032347763284,1.0
12297,0.718055283523,0.155285688498,0.12665902798,0.0
553,0.282405823928,0.0958801529435,0.621714023129,0.0
10390,0.286233924297,0.429197013712,0.284569061991,1.0
5056,0.89431075457,0.105663896888,2.53485424588e-05,0.0
10503,0.677487200957,0.3224874505,2.53485424588e-05,0.0
1835,0.515390403463,0.439833839005,0.0447757575322,1.0
10085,0.999894482741,0.000105517258542,0.0,0.0
13807,0.575675607796,0.310165561583,0.114158830621,0.0
11318,0.976119883739,0.0238801162606,0.0,0.0
533,0.991749894985,0.00807769122164,0.000172413793103,0.0
10538,0.716272789576,0.197408027782,0.0863191826418,1.0
11549,0.893820041935,0.101115140751,0.00506481731448,0.0
16900,0.957361640036,0.0371395821746,0.00549877778905,0.0
599,0.888835912721,0.105786769964,0.00537731731448,0.0
11700,0.382685023157,0.568454969277,0.0488600075659,0.0
18331,0.889179683283,0.101677504755,0.00914281196151,0.0
5381,0.288536973475,0.167642497496,0.543820529029,2.0
13638,0.715985729607,0.170621459737,0.113392810656,0.0
2703,0.944987504382,0.0371895012691,0.0178229943492,0.0
13686,0.182365174168,0.244254019497,0.573380806335,0.0
6240,0.0786673008001,0.205025926823,0.716306772376,2.0
8546,0.137291356962,0.0457447209823,0.816963922056,0.0
4578,0.451374991487,0.540780168555,0.00784483995824,0.0
15870,0.263307337486,0.247755981029,0.488936681486,0.0
17084,0.973010352484,0.0265007634066,0.000488884109574,0.0
4114,0.569090319481,0.348371662577,0.0825380179417,0.0
8011,0.768832674119,0.0530255175224,0.178141808358,0.0
6588,0.983104904355,0.0168950956451,0.0,0.0
12490,0.682055802235,0.214792675699,0.103151522065,2.0
3975,0.997690255147,0.00230974485285,0.0,0.0
4720,0.848061526096,0.151913721429,2.47524752475e-05,0.0
15209,0.772408734392,0.18802464971,0.0395666158979,0.0
6092,0.763561925621,0.202297849259,0.0341402251201,1.0
9426,0.472089019146,0.127892150595,0.400018830259,0.0
2307,0.995272564533,0.00472743546687,0.0,0.0
13291,0.475676341792,0.514289527331,0.0100341308766,0.0
17245,0.485228359285,0.511676313093,0.00309532762163,1.0
11726,0.984285780822,0.0127970553472,0.00291716383096,0.0
15486,0.370990761685,0.495684290201,0.133324948114,0.0
9033,0.675658631679,0.293242764152,0.0310986041689,2.0
9959,0.341143643597,0.529787612081,0.129068744322,0.0
3798,0.999894482741,0.000105517258542,0.0,0.0
15624,0.252768065905,0.472900954975,0.27433097912,1.0
5995,0.789456237001,0.210543762999,0.0,0.0
9644,0.556282113522,0.410520509007,0.0331973774714,0.0
10779,0.972713785393,0.0272862146073,0.0,0.0
9734,0.644307365019,0.355692634981,0.0,1.0
14954,0.565105924271,0.278919828011,0.155974247719,1.0
15493,0.868417005175,0.126967247423,0.0046157474017,0.0
6222,0.227238977726,0.751145742688,0.021615279586,1.0
17390,0.540300734744,0.458273521169,0.0014257440872,1.0
6826,0.243617239425,0.735360654264,0.0210221063119,1.0
8611,0.326121245206,0.369090908289,0.304787846505,2.0
9087,0.867752627987,0.102369574696,0.029877797317,0.0
17472,0.356621356818,0.617915531594,0.025463111588,1.0
12760,0.785488075356,0.214487172169,2.47524752475e-05,0.0
4963,0.31081600215,0.187066049334,0.502117948517,2.0
6225,0.13,0.41,0.46,1.0
7959,0.783365562197,0.203130045714,0.013504392089,0.0
1773,0.565985179954,0.402150881457,0.0318639385883,1.0
6136,0.960379389539,0.0396206104613,0.0,1.0
5965,0.305519429764,0.666872864592,0.0276077056433,1.0
5390,0.688900015608,0.311075231916,2.47524752475e-05,0.0
13663,0.350451495924,0.279749336825,0.369799167252,2.0
4501,0.856037835559,0.138505926994,0.00545623744705,0.0
13442,0.22579167464,0.577882470251,0.196325855109,1.0
6958,0.938464935078,0.0513045678189,0.0102304971027,0.0
16339,0.402174255933,0.544503047039,0.0533226970282,0.0
9372,0.557543500794,0.307892931758,0.134563567448,0.0
5576,0.462752217243,0.524352515106,0.0128952676507,1.0
663,0.088144778481,0.223761867089,0.68809335443,0.0
1473,0.437276853574,0.517293148388,0.0454299980379,1.0
949,0.420065724716,0.486676985621,0.0932572896633,0.0
10513,0.316954852461,0.544681825147,0.138363322391,0.0
14289,0.514719267634,0.436770228022,0.0485105043441,1.0
15260,0.946682942006,0.0527840237736,0.000533034219949,0.0
9812,0.691712827329,0.248105821419,0.0601813512526,0.0
4916,0.218804697064,0.204333906053,0.576861396883,2.0
17515,0.687563925922,0.230096097433,0.082339976645,2.0
17388,0.941330281259,0.0586449662659,2.47524752475e-05,0.0
4450,0.970139040581,0.0253638177979,0.00449714162064,0.0
16258,0.890307393978,0.0879206528158,0.021771953206,0.0
10528,0.340378468761,0.657373651179,0.00224788006026,0.0
4003,0.82964465317,0.170330594355,2.47524752475e-05,1.0
3954,0.562382098821,0.435792922041,0.00182497913785,1.0
13945,0.546297010402,0.441132912677,0.0125700769214,1.0
15607,0.650769279034,0.341614913164,0.00761580780167,0.0
11897,0.428074351546,0.218316588377,0.353609060078,0.0
12609,0.949439877568,0.0415829114693,0.00897721096276,0.0
10122,0.99,0.01,0.0,0.0
7886,0.986546876635,0.0133155086857,0.000137614678899,0.0
15771,0.968544276013,0.0229718003582,0.00848392362857,0.0
17681,0.379782421855,0.559820345077,0.0603972330672,0.0
15863,0.42150706907,0.462529444923,0.115963486007,2.0
17690,0.157654365892,0.270756780089,0.571588854019,1.0
8606,0.999894482741,0.000105517258542,0.0,0.0
11362,0.694906680503,0.304827832772,0.000265486725664,0.0
4604,0.532812144425,0.31318428031,0.154003575266,0.0
5480,0.959804232804,0.0401957671958,0.0,0.0
12277,0.45859375,0.0911875,0.45021875,2.0
1400,0.928556270249,0.0709046658807,0.000539063870225,0.0
6687,0.99309236172,0.00690763828047,0.0,0.0
11153,0.922061773383,0.0681061048441,0.00983212177282,0.0
8313,0.0408241104982,0.0593091597736,0.899866729728,2.0
5787,0.836369938078,0.16360471338,2.53485424588e-05,0.0
741,0.5175079419,0.466859854234,0.0156322038658,0.0
16502,0.978407058421,0.0153449675629,0.00624797401617,0.0
4036,0.362775523089,0.372861034823,0.264363442087,0.0
5029,0.840932954287,0.153610808266,0.00545623744705,0.0
18158,0.134527559527,0.336157314419,0.529315126053,1.0
18441,0.979986696373,0.0200133036275,0.0,0.0
4268,0.947143983351,0.0527184019701,0.000137614678899,0.0
4092,0.368051175477,0.252089640552,0.379859183972,0.0
16819,0.974818407609,0.0250439777116,0.000137614678899,0.0
7774,0.143552314479,0.336900641349,0.519547044172,2.0
5824,0.774438487049,0.194828754703,0.0307327582476,0.0
7295,0.461479921608,0.375018644408,0.163501433984,1.0
18146,0.741344720916,0.168417700044,0.0902375790395,0.0
17409,0.350693370139,0.214274908939,0.435031720922,2.0
6095,0.753554730449,0.207414225836,0.0390310437145,0.0
9032,0.832746847233,0.139443012137,0.0278101406299,0.0
5210,0.991790697112,0.00820930288844,0.0,0.0
11177,0.906852096586,0.0931231509391,2.47524752475e-05,0.0
12324,0.272556691401,0.705437000852,0.0220063077463,1.0
1697,0.733652011783,0.260753555936,0.00559443228107,0.0
3106,0.661710399259,0.324497123585,0.0137924771567,1.0
7824,0.920436652403,0.0783610675784,0.00120228001879,0.0
2588,0.272793801844,0.269828812073,0.457377386083,0.0
13644,0.990134079294,0.0096935069128,0.000172413793103,0.0
13082,0.978571428571,0.0214285714286,0.0,0.0
8150,0.867676254114,0.132323745886,0.0,0.0
6234,0.202494465979,0.128427494418,0.669078039603,0.0
10350,0.827088719658,0.172911280342,0.0,0.0
13538,0.948921145579,0.0469006654776,0.0041781889435,0.0
2338,0.903680050362,0.0960544629123,0.000265486725664,0.0
17947,0.868069306931,0.131905940594,2.47524752475e-05,0.0
9786,0.386138680025,0.605943747628,0.00791757234624,0.0
9514,0.843357482959,0.142582075732,0.0140604413085,0.0
13670,0.935653244158,0.0549147699535,0.00943198588897,0.0
15482,0.427242196296,0.535981799744,0.0367760039604,0.0
12517,0.592996841849,0.373941900249,0.0330612579022,1.0
411,0.330954336554,0.207794004664,0.461251658783,1.0
10237,0.464001359457,0.196984913998,0.339013726545,0.0
12734,0.500399034266,0.282779214511,0.216821751223,0.0
10863,0.827915995361,0.172059252163,2.47524752475e-05,0.0
11390,0.803709717173,0.174478562099,0.0218117207275,0.0
5260,0.622416074045,0.356591315927,0.0209926100276,0.0
8244,0.49081872161,0.50864221452,0.000539063870225,1.0
4161,0.385833260539,0.60083657637,0.0133301630909,1.0
16354,0.625094099003,0.316593514405,0.0583123865926,0.0
15236,0.998831963843,0.00116803615712,0.0,0.0
14877,0.377098574509,0.52405925019,0.0988421753003,0.0
4810,0.981700678994,0.0182993210058,0.0,0.0
4637,0.890519892831,0.10567916343,0.00380094373881,0.0
14124,0.53719596657,0.255495961231,0.207308072198,1.0
4737,0.887712370623,0.112287629377,0.0,0.0
5377,0.409623165922,0.568278007616,0.0220988264619,1.0
14696,0.331705464383,0.150346560315,0.517947975302,0.0
2880,0.652990396071,0.273979176347,0.0730304275822,1.0
17021,0.967502696289,0.032359689032,0.000137614678899,0.0
11043,0.998398622026,0.00160137797372,0.0,0.0
6,0.560709363828,0.438187459107,0.00110317706464,1.0
2380,0.687833012959,0.25273349272,0.0594334943212,1.0
6563,0.695982343017,0.27838042876,0.0256372282232,0.0
2273,0.619426547048,0.34614754159,0.0344259113616,0.0
1743,0.491426801201,0.498918002036,0.00965519676228,1.0
12919,0.208542525898,0.276979569294,0.514477904808,2.0
7922,0.553919524712,0.4048076973,0.0412727779882,0.0
8201,0.937362501789,0.0596066684695,0.00303082974114,0.0
13659,0.912045844983,0.0879294025417,2.47524752475e-05,0.0
2861,0.574178926197,0.315225361138,0.110595712665,0.0
17883,0.109425792115,0.453340040975,0.43723416691,2.0
17057,0.985543256747,0.0144567432525,0.0,0.0
12316,0.637406626702,0.362388233521,0.000205139777396,0.0
12541,0.694206638675,0.260596613315,0.0451967480099,0.0
363,0.933660117639,0.0544584873966,0.0118813949648,0.0
4166,0.554663579943,0.380757479517,0.0645789405397,1.0
8354,0.217987690971,0.444335244568,0.337677064461,0.0
9160,0.233841521512,0.726217297786,0.0399411807018,1.0
1476,0.994130315822,0.00569727038525,0.000172413793103,0.0
8193,0.920282270206,0.069229117875,0.0104886119188,1.0
12708,0.487081915624,0.431569864223,0.0813482201525,1.0
13410,0.426560545948,0.570003383925,0.00343607012718,0.0
12066,0.950978782484,0.0489770674052,4.41501103753e-05,0.0
8570,0.582352533887,0.385945714683,0.0317017514301,0.0
4204,0.731548772109,0.234711242892,0.0337399849995,0.0
18290,0.990627064677,0.00937293532339,0.0,0.0
11441,0.311822391671,0.336629617614,0.351547990714,2.0
17975,0.583859566533,0.332002571812,0.0841378616557,1.0
11262,0.301915304114,0.386600635098,0.311484060788,0.0
3768,0.894277063823,0.0703471904634,0.0353757457138,0.0
11418,0.988496863128,0.0115031368719,0.0,0.0
13813,0.246691573837,0.639173200964,0.114135225199,1.0
1665,0.167548473358,0.650939473227,0.181512053416,1.0
4170,0.898835912721,0.0957867699642,0.00537731731448,0.0
12798,0.979586437808,0.0136214225894,0.00679213960275,0.0
681,0.840182247583,0.134746714724,0.0250710376927,0.0
319,0.836964486276,0.128541244174,0.03449426955,0.0
17956,0.971319845999,0.0286801540013,0.0,0.0
429,0.985611208098,0.0113076936451,0.00308109825719,0.0
6663,0.435850571523,0.518142507362,0.0460069211148,1.0
10586,0.588554145681,0.408227349165,0.00321850515367,1.0
8583,0.725424187739,0.232434214025,0.0421415982356,0.0
8030,0.806129717433,0.193845530092,2.47524752475e-05,0.0
5099,0.919843008942,0.0796970567411,0.000459934317295,0.0
446,0.516539906038,0.478307902034,0.00515219192855,1.0
5725,0.135161933565,0.737361361936,0.127476704499,1.0
15436,0.490354742038,0.240701081537,0.268944176425,0.0
6758,0.992317258967,0.00763859092311,4.41501103753e-05,0.0
6449,0.997797822548,0.00220217745218,0.0,0.0
4552,0.154938859475,0.361375719754,0.483685420771,1.0
17865,0.341844533863,0.135674887993,0.522480578144,0.0
1645,0.082478790893,0.889227254205,0.0282939549024,1.0
1308,0.682117996952,0.316743376729,0.00113862631972,0.0
8781,0.972738384216,0.0272616157841,0.0,1.0
831,0.906876062803,0.0931239371967,0.0,0.0
15145,0.559046211024,0.300719751223,0.140234037753,0.0
17654,0.831390330254,0.163269708754,0.00533996099134,0.0
603,0.941514792899,0.0584852071006,0.0,0.0
5962,0.532128477291,0.467871522709,0.0,0.0
11520,0.53719596657,0.255495961231,0.207308072198,0.0
10341,0.632993362253,0.365743224269,0.00126341347811,0.0
5070,0.234340258592,0.0264448822822,0.739214859126,0.0
1197,0.993084228474,0.00691577152593,0.0,0.0
6187,0.481697492938,0.301302022749,0.217000484313,1.0
733,0.563318586608,0.313560791214,0.123120622177,0.0
2242,0.999824561404,0.000175438596491,0.0,0.0
479,0.526137604327,0.427801177076,0.0460612185972,0.0
12362,0.80236682978,0.197330139917,0.00030303030303,0.0
14596,0.687102267658,0.312402818582,0.00049491375985,0.0
6801,0.247855163294,0.424255353057,0.327889483649,1.0
4896,0.452786898196,0.52021237417,0.0270007276335,1.0
3287,0.365978005432,0.519842951638,0.11417904293,1.0
8377,0.697909671006,0.302065576519,2.47524752475e-05,1.0
14233,0.714714275247,0.251591385173,0.0336943395798,0.0
5065,0.733706599548,0.235779961914,0.0305134385384,0.0
6233,0.979140308394,0.0208596916056,0.0,0.0
4160,0.706767408823,0.289949584026,0.00328300715054,0.0
16840,0.980242449292,0.019757550708,0.0,0.0
18192,0.905146661324,0.0901628387049,0.00469049997145,0.0
7711,0.492112038846,0.502880834686,0.00500712646776,0.0
7254,0.310489624471,0.49864858484,0.190861790689,1.0
3214,0.694508620623,0.253312748911,0.0521786304659,0.0
14597,0.825261608397,0.169900832808,0.00483755879498,1.0
15086,0.10657188243,0.206268052369,0.687160065201,2.0
8686,0.747532588786,0.252227603061,0.000239808153477,0.0
16989,0.193541666667,0.256458333333,0.55,2.0
420,0.193802905546,0.7713415846,0.0348555098547,0.0
16891,0.999894482741,0.000105517258542,0.0,0.0
8046,0.582924995361,0.352542919759,0.0645320848796,1.0
7484,0.926233370657,0.0721308910294,0.00163573831308,0.0
14880,0.75872953743,0.204222416831,0.0370480457391,0.0
16049,0.686709038303,0.189491084877,0.12379987682,0.0
227,0.370080592105,0.0431645580297,0.586754849865,0.0
1387,0.418897129964,0.580922482734,0.000180387302149,0.0
12011,0.980995072473,0.019004927527,0.0,0.0
6123,0.591524700877,0.346651309301,0.0618239898216,0.0
8935,0.445025556918,0.513727613849,0.0412468292336,0.0
2865,0.938773513159,0.0563889280461,0.00483755879498,0.0
17241,0.929340747974,0.0617312925013,0.0089279595248,0.0
5237,0.84645685119,0.150115144656,0.00342800415321,0.0
3185,0.816207026217,0.183792973783,0.0,1.0
4691,0.772879744832,0.195227831941,0.0318924232266,0.0
8423,0.858739872318,0.141260127682,0.0,0.0
17894,0.937353823967,0.0521379011522,0.0105082748805,0.0
14642,0.977065288693,0.0229347113071,0.0,0.0
5292,0.966595441595,0.0334045584046,0.0,0.0
3670,0.329753265238,0.647682322955,0.0225644118069,1.0
7301,0.958549416655,0.0221052188559,0.019345364489,1.0
2105,0.785392385257,0.210878087901,0.00372952684163,0.0
1954,0.942089062068,0.0575346199899,0.000376317942543,0.0
7699,0.74830438863,0.214177540159,0.0375180712107,0.0
15680,0.383113364355,0.476117533002,0.140769102642,1.0
16960,0.96993006993,0.0300699300699,0.0,0.0
2476,0.900373421425,0.0996265785746,0.0,0.0
4646,0.998571428571,0.00142857142857,0.0,0.0
4826,0.998104840092,0.00189515990832,0.0,0.0
14595,0.361048718706,0.523697855461,0.115253425833,1.0
12970,0.553580080252,0.444270579177,0.00214934057139,1.0
9353,0.791141164674,0.208834082851,2.47524752475e-05,0.0
17222,0.955692551648,0.0443074483525,0.0,0.0
10057,0.974348358968,0.0256516410321,0.0,0.0
12864,0.261406169677,0.206649893761,0.531943936562,2.0
16999,0.877392780878,0.0999494109692,0.0226578081524,0.0
2692,0.611299943523,0.388160992607,0.000539063870225,0.0
14976,0.984285780822,0.0127970553472,0.00291716383096,0.0
6847,0.924564377174,0.0754108703509,2.47524752475e-05,1.0
15784,0.973562337924,0.0110592532772,0.0153784087988,0.0
8439,0.410452692378,0.586319921888,0.00322738573411,1.0
7067,0.203037878614,0.124388869919,0.672573251467,0.0
18113,0.449501412497,0.55047323896,2.53485424588e-05,1.0
17415,0.84919409768,0.14597724283,0.00482865948961,0.0
12978,0.96999077315,0.0201134514414,0.00989577540874,0.0
5459,0.462419232853,0.530332916126,0.00724785102098,0.0
10742,0.334109557801,0.612472795845,0.0534176463533,1.0
497,0.820279606844,0.179695640681,2.47524752475e-05,0.0
6646,0.931147344392,0.061494927616,0.00735772799222,0.0
12958,0.28393712419,0.246192561947,0.469870313863,0.0
5394,0.644519403923,0.351585848622,0.00389474745461,0.0
12610,0.319915206739,0.672042193798,0.00804259946264,1.0
5926,0.63742397101,0.360050304259,0.00252572473073,0.0
9713,0.999351851852,0.000648148148148,0.0,0.0
7364,0.602516372472,0.3942488512,0.0032347763284,0.0
5311,0.950930349256,0.0437424310459,0.00532721969809,0.0
13337,0.679358182716,0.320617064809,2.47524752475e-05,0.0
11149,0.976790155218,0.0232098447818,0.0,0.0
6938,0.503575298227,0.485776965892,0.0106477358814,1.0
14109,0.65808258795,0.209167675699,0.132749736351,0.0
16926,0.618503155762,0.381472091763,2.47524752475e-05,0.0
5219,0.991351561537,0.00864843846315,0.0,0.0
14939,0.199121933763,0.684366597459,0.116511468779,1.0
6492,0.946273928673,0.0486988506498,0.00502722067704,0.0
4107,0.942612466919,0.046228530072,0.0111590030089,0.0
506,0.367186672147,0.341953440642,0.290859887211,0.0
2435,0.545122025765,0.400175973266,0.0547020009687,1.0
12376,0.536637783065,0.288585410207,0.174776806728,1.0
135,0.96383366131,0.0303619372973,0.00580440139247,0.0
9605,0.984028933756,0.0159710662443,0.0,0.0
13872,0.702833983509,0.281581379988,0.0155846365036,0.0
15057,0.569477956867,0.0621643833753,0.368357659758,0.0
11020,0.389091602476,0.607632963053,0.00327543447102,1.0
3536,0.944256290308,0.0501369159791,0.00560679371321,0.0
14249,0.422857142857,0.06,0.517142857143,2.0
3979,0.592994558979,0.405866814701,0.00113862631972,0.0
8293,0.929467412627,0.0703601735795,0.000172413793103,0.0
2987,0.998571428571,0.00142857142857,0.0,0.0
2361,0.26856546042,0.145460856402,0.585973683178,2.0
11595,0.417387042059,0.279027724865,0.303585233076,2.0
15473,0.49914002332,0.188795039265,0.312064937415,0.0
8927,0.993459393291,0.00654060670916,0.0,0.0
7128,0.352050965925,0.124052082844,0.523896951231,1.0
5580,0.850920367208,0.111963831211,0.0371158015806,0.0
2302,0.759978382335,0.123645574538,0.116376043127,0.0
3332,0.993058836448,0.00694116355229,0.0,0.0
15011,0.284770163748,0.702099954752,0.0131298814999,1.0
3262,0.243875457483,0.54408887948,0.212035663037,0.0
8459,0.0955899062758,0.0368723469933,0.867537746731,0.0
3303,0.44231544608,0.545051164398,0.0126333895216,0.0
7207,0.998631155881,0.00136884411884,0.0,0.0
2560,0.999964412811,3.55871886121e-05,0.0,0.0
5935,0.980995072473,0.019004927527,0.0,0.0
17817,0.742080379571,0.257019465757,0.000900154671947,0.0
6081,0.535938117673,0.418392889756,0.0456689925705,0.0
1244,0.486524081469,0.513450569989,2.53485424588e-05,1.0
784,0.935045449282,0.0649545507179,0.0,0.0
5703,0.202977374354,0.27408678762,0.522935838026,2.0
4848,0.479407431652,0.385597082321,0.134995486027,0.0
5634,0.163979720904,0.763120154731,0.0729001243656,1.0
16696,0.94525958269,0.04818988494,0.00655053237019,0.0
12619,0.97163897949,0.0278721364006,0.000488884109574,0.0
15671,0.426299053242,0.573675598216,2.53485424588e-05,1.0
12676,0.82929150931,0.17070849069,0.0,0.0
18093,0.506952758615,0.471508693067,0.0215385483177,1.0
11855,0.353187621434,0.624486576871,0.0223258016946,1.0
1456,0.799353513478,0.151226569051,0.049419917471,0.0
17460,0.135460198008,0.33658860924,0.527951192752,1.0
12099,0.689174011028,0.275359854978,0.0354661339933,0.0
274,0.994028933756,0.00597106624434,0.0,0.0
105,0.531015689641,0.468959557884,2.47524752475e-05,1.0
13301,0.496747605122,0.45587539294,0.0473770019384,0.0
12782,0.631729654357,0.339538262813,0.0287320828301,2.0
8928,0.664654091317,0.335166117448,0.000179791234937,0.0
11604,0.832079527883,0.163283200187,0.00463727192981,0.0
16445,0.860274887217,0.113606987357,0.026118125426,0.0
16694,0.282070115152,0.673416177721,0.0445137071273,1.0
646,0.946513850515,0.0534861494848,0.0,0.0
11171,0.636245883758,0.202463190625,0.161290925616,0.0
18228,0.180714043721,0.262360487337,0.556925468942,2.0
1104,0.398543780396,0.28074029247,0.320715927134,1.0
16966,0.317699752945,0.679198529839,0.00310171721584,0.0
16874,0.779481725047,0.130057868124,0.0904604068292,0.0
18127,0.401246573587,0.57496007314,0.0237933532735,1.0
1205,0.999894482741,0.000105517258542,0.0,0.0
3172,0.98,0.02,0.0,0.0
18535,0.880886485482,0.119113514518,0.0,0.0
8729,0.372955833421,0.323825880069,0.30321828651,1.0
3384,0.735347494617,0.1474386594,0.117213845983,0.0
7640,0.52990914525,0.363731386933,0.106359467816,0.0
7007,0.951342444877,0.0440192529821,0.00463830214133,0.0
11469,0.784759301682,0.215000890164,0.000239808153477,0.0
16837,0.596606650635,0.345833004414,0.0575603449508,1.0
17237,0.87157614383,0.103185360373,0.0252384957964,0.0
19,0.43266534751,0.506851551002,0.0604831014882,1.0
14290,0.927452175213,0.0711393592012,0.0014084655858,0.0
6761,0.693420187859,0.303846460176,0.00273335196444,0.0
15850,0.853192735234,0.146807264766,0.0,0.0
16249,0.989064229279,0.010911018246,2.47524752475e-05,0.0
11170,0.990134079294,0.0096935069128,0.000172413793103,0.0
9380,0.385220096184,0.597104581608,0.0176753222073,1.0
1790,0.27291131822,0.725985504715,0.00110317706464,0.0
14735,0.295924218625,0.110531322503,0.593544458872,2.0
14241,0.420821664679,0.53954650147,0.0396318338507,1.0
5689,0.992918448676,0.00708155132395,0.0,0.0
14799,0.716202655359,0.27170302722,0.0120943174209,1.0
15037,0.84981909768,0.14535224283,0.00482865948961,0.0
17745,0.931734578957,0.0543468534948,0.0139185675483,1.0
874,0.104044042444,0.0437546635111,0.852201294045,2.0
11724,0.805199892452,0.166318024718,0.0284820828301,0.0
12109,0.711666030488,0.26483907579,0.0234948937228,0.0
2589,0.528935283832,0.314949880064,0.156114836103,1.0
1619,0.351392488449,0.514163637204,0.134443874347,0.0
9224,0.670242998849,0.289749144431,0.0400078567196,0.0
6197,0.720050719033,0.267074464545,0.0128748164218,0.0
6643,0.415884969762,0.532446155454,0.051668874784,1.0
14544,0.798029198052,0.198586947905,0.00338385404283,1.0
14337,0.810401929756,0.184141832797,0.00545623744705,0.0
16159,0.995014622254,0.00498537774588,0.0,0.0
12623,0.948905260495,0.0505617052846,0.000533034219949,0.0
11193,0.43885958469,0.43341431995,0.12772609536,1.0
10700,0.825492695035,0.174481956422,2.53485424588e-05,0.0
1264,0.613465154853,0.158790284815,0.227744560332,0.0
18386,0.976009998702,0.0239900012982,0.0,0.0
5364,0.98,0.02,0.0,0.0
16123,0.371757518703,0.615066271053,0.0131762102442,0.0
6111,0.156675732714,0.663856752539,0.179467514748,1.0
7607,0.0819786653523,0.393698279922,0.524323054726,2.0
14830,0.347018811127,0.637229986045,0.0157512028277,1.0
12961,0.740870353107,0.193787259334,0.0653423875587,2.0
16230,0.607270155662,0.090865169781,0.301864674557,0.0
8174,0.4732392195,0.499377018131,0.0273837623692,1.0
15369,0.320612666809,0.622648923444,0.0567384097469,0.0
4558,0.984606828759,0.015393171241,0.0,0.0
12259,0.880143900467,0.1158913372,0.00396476233251,0.0
14532,0.657297966599,0.268542372137,0.0741596612641,0.0
6004,0.989714285714,0.0102857142857,0.0,0.0
12646,0.908411960569,0.0915632869557,2.47524752475e-05,0.0
8685,0.959100078595,0.0408751689294,2.47524752475e-05,0.0
11183,0.51802347277,0.431861853866,0.0501146733641,0.0
8953,0.445931690664,0.554042960794,2.53485424588e-05,1.0
17491,0.666136243824,0.314299505051,0.0195642511241,0.0
13130,0.99,0.01,0.0,0.0
14740,0.932277656419,0.048519548845,0.0192027947355,0.0
532,0.827105716692,0.167952950863,0.00494133244436,0.0
13907,0.825192180724,0.168118482112,0.0066893371632,1.0
18363,0.385803046831,0.445344010437,0.168852942731,1.0
10422,0.964663361916,0.031321439639,0.00401519844458,0.0
6041,0.430425308479,0.0205020497837,0.549072641737,0.0
8590,0.274962827672,0.186912567683,0.538124604645,2.0
17319,0.991951907646,0.00804809235369,0.0,0.0
14844,0.510522300898,0.401912112973,0.0875655861285,1.0
6719,0.192619128686,0.271325757111,0.536055114203,2.0
417,0.341254573217,0.654592104723,0.00415332205976,1.0
16552,0.316044513235,0.581668146979,0.102287339786,1.0
2145,0.996326307734,0.00367369226572,0.0,0.0
13169,0.661992683549,0.334724309301,0.00328300715054,0.0
15657,0.795680910173,0.204319089827,0.0,0.0
17361,0.972987994097,0.0270120059033,0.0,0.0
17844,0.999894482741,0.000105517258542,0.0,0.0
16368,0.99780972731,0.00219027269027,0.0,0.0
4652,0.957746896584,0.0240051965544,0.0182479068619,0.0
4238,0.104162300629,0.874688503264,0.0211491961073,0.0
7490,0.202267070532,0.182988444288,0.61474448518,2.0
8847,0.976252586876,0.0157616342296,0.00798577889422,0.0
11995,0.424562241026,0.360877841389,0.214559917585,0.0
7139,0.879819916287,0.120180083713,0.0,0.0
6002,0.998831963843,0.00116803615712,0.0,0.0
14402,0.624544140863,0.25671679923,0.118739059907,0.0
14409,0.983716471256,0.0128866410135,0.00339688773088,0.0
1098,0.95331001001,0.04119672629,0.00549326369975,0.0
12774,0.599440792441,0.389680881699,0.0108783258595,1.0
5249,0.164324375206,0.0740050880879,0.761670536707,2.0
1382,0.0822858306337,0.576927428275,0.340786741091,2.0
15226,0.605838837395,0.390878155455,0.00328300715054,1.0
94,0.411786468753,0.509413427487,0.0788001037597,2.0
9591,0.97163897949,0.0278721364006,0.000488884109574,0.0
11886,0.617047467709,0.322003121458,0.060949410833,0.0
1621,0.383795506511,0.593519971262,0.0226845222268,1.0
810,0.427930263619,0.569263038604,0.00280669777659,0.0
8536,0.348639673135,0.651179939562,0.000180387302149,1.0
3169,0.801839967785,0.198109931197,5.01010177063e-05,1.0
6788,0.35433588554,0.190699396994,0.454964717467,2.0
3111,0.54359820518,0.308507932499,0.147893862321,0.0
4080,0.725727737257,0.270377515289,0.00389474745461,1.0
18193,0.515239824149,0.484734827309,2.53485424588e-05,1.0
16218,0.139677817494,0.683109469794,0.177212712713,1.0
4246,0.970593055497,0.0292693298243,0.000137614678899,0.0
14125,0.534712702373,0.359711627527,0.1055756701,0.0
821,0.23632471871,0.437451083669,0.32622419762,1.0
13006,0.992993952185,0.00683363402162,0.000172413793103,0.0
18173,0.798885083439,0.196477644631,0.00463727192981,0.0
11276,0.301230752656,0.45991261699,0.238856630354,0.0
10371,0.99,0.01,0.0,0.0
9261,1.0,0.0,0.0,0.0
18297,0.770411740932,0.203983667299,0.0256045917691,0.0
912,0.455427566422,0.49533231038,0.0492401231978,1.0
7579,0.631544261198,0.354507009292,0.0139487295101,1.0
10263,0.628983491373,0.370991756151,2.47524752475e-05,1.0
18391,0.700928958454,0.221677644982,0.0773933965637,0.0
16015,0.722538379965,0.21255810235,0.064903517685,1.0
17938,0.946560478891,0.0534395211091,0.0,0.0
2894,0.700326469361,0.255717926513,0.0439556041263,0.0
6648,0.934610261098,0.0525753401675,0.0128143987344,0.0
11137,0.321038015184,0.385923921004,0.293038063812,2.0
17054,0.998139579719,0.00186042028147,0.0,0.0
6495,0.656325328769,0.325479980834,0.0181946903972,0.0
10070,0.988395562771,0.0116044372294,0.0,0.0
11029,0.455804817461,0.530109364266,0.0140858182727,1.0
16043,0.994787497831,0.00521250216893,0.0,0.0
12529,0.388308953038,0.514607526999,0.0970835199628,0.0
9536,0.85875614996,0.141219097565,2.47524752475e-05,1.0
5281,0.875065812891,0.104559321294,0.0203748658152,0.0
14815,0.326337721267,0.659003239518,0.0146590392155,0.0
11651,0.539057414071,0.460762198627,0.000180387302149,1.0
6697,0.90212370179,0.087603429993,0.0102728682174,0.0
488,0.947372597179,0.0520943686012,0.000533034219949,0.0
9228,0.933086072091,0.0643168298592,0.00259709805021,1.0
6298,0.636007926814,0.0163334834397,0.347658589747,2.0
12674,0.504988909729,0.494985741729,2.53485424588e-05,0.0
18262,0.928341829165,0.0704984254437,0.00115974539124,0.0
3569,0.558263937466,0.366162043285,0.0755740192482,1.0
17870,0.960562779431,0.0393930704582,4.41501103753e-05,0.0
2074,0.995272564533,0.00472743546687,0.0,0.0
16700,0.179137639371,0.0732207208793,0.74764163975,2.0
8286,0.968705525786,0.0312944742143,0.0,1.0
6739,0.391356946498,0.604422175424,0.00422087807761,0.0
13417,0.543602060123,0.403989593021,0.0524083468561,0.0
12365,0.659200494943,0.260750995927,0.08004850913,0.0
6966,0.415703766907,0.56147186729,0.022824365803,1.0
6572,0.524299335423,0.471758741969,0.00394192260804,0.0
8558,0.657995542911,0.295468215455,0.0465362416345,0.0
11860,0.825308851865,0.174177902482,0.000513245653477,0.0
15193,0.816758586714,0.166558771136,0.0166826421497,0.0
17502,0.945357638196,0.047796354886,0.0068460069177,0.0
13120,0.567545523599,0.415070861445,0.0173836149562,0.0
17275,0.689699806156,0.298053526937,0.0122466669069,1.0
16879,0.948742364775,0.0469134022802,0.00434423294516,0.0
18392,0.698444023733,0.301016912397,0.000539063870225,1.0
11333,0.783427472829,0.216522426154,5.01010177063e-05,0.0
16107,0.700473945559,0.208007979404,0.0915180750366,0.0
2054,0.923846393578,0.0761536064215,0.0,0.0
6395,0.7156196543,0.284355593224,2.47524752475e-05,0.0
14049,0.89334534349,0.106629904035,2.47524752475e-05,0.0
10894,0.824886846723,0.174593487042,0.000519666235098,0.0
6591,0.524897783769,0.440600577316,0.0345016389151,1.0
11403,0.97888796342,0.016045073896,0.00506696268406,0.0
18213,0.928940915599,0.0650637286507,0.00599535574996,0.0
1691,0.989710144928,0.0102898550725,0.0,0.0
13032,0.956551220311,0.0384451768922,0.00500360279664,0.0
13322,0.885544634673,0.0811758222562,0.0332795430705,0.0
1974,0.938464935078,0.0513045678189,0.0102304971027,0.0
8387,0.980170049023,0.019513480661,0.00031647031647,0.0
9942,0.993784676519,0.00621532348086,0.0,0.0
9577,0.46792811996,0.486814507818,0.0452573722221,0.0
5904,0.981851851852,0.0181481481481,0.0,0.0
7456,0.909815024495,0.088982695486,0.00120228001879,0.0
14265,0.611363359153,0.357517753494,0.0311188873528,0.0
17219,0.933671631121,0.0663036164039,2.47524752475e-05,0.0
1086,0.619728684394,0.320297142634,0.0599741729717,0.0
17788,0.644508708535,0.35546653899,2.47524752475e-05,0.0
5336,0.98,0.02,0.0,0.0
1314,0.382194614291,0.241740700141,0.376064685568,0.0
7208,0.952108738689,0.0293933544491,0.0184979068619,0.0
10998,0.689925523444,0.205982672322,0.104091804234,0.0
2143,0.703085352497,0.26615441798,0.0307602295235,0.0
1164,0.407793167128,0.198337693649,0.393869139222,2.0
6471,0.332187642368,0.518612499583,0.14919985805,2.0
9099,0.928347341016,0.0457690239676,0.0258836350162,0.0
13296,0.341952437183,0.583453911258,0.0745936515589,1.0
978,0.421287826895,0.575471612875,0.00324056023,1.0
3645,0.471682378516,0.528292869008,2.47524752475e-05,0.0
4802,0.652879933245,0.347094718212,2.53485424588e-05,1.0
10027,0.184967083468,0.221825244098,0.593207672434,1.0
1022,0.337863926441,0.295286802611,0.366849270947,2.0
11848,0.586122938243,0.283630929549,0.130246132208,0.0
15419,0.99127044293,0.00855714327643,0.000172413793103,0.0
3058,0.6074911008,0.392483550658,2.53485424588e-05,0.0
7001,0.430381930143,0.150351868196,0.419266201662,2.0
8160,0.153014922268,0.189908188942,0.65707688879,0.0
14414,0.115253919089,0.147699343921,0.73704673699,2.0
8415,0.807657321971,0.181272802975,0.0110698750537,1.0
12471,0.686692212005,0.30967000489,0.00363778310537,0.0
11077,0.792740007267,0.207215842622,4.41501103753e-05,0.0
7847,0.832778815171,0.138862450011,0.0283587348173,0.0
6851,0.988571428571,0.0114285714286,0.0,0.0
4852,0.713062647162,0.210154247331,0.0767831055074,0.0
3982,0.882618533708,0.114110544173,0.00327092211945,0.0
8727,0.617145567722,0.123737223754,0.259117208524,0.0
10683,0.879819916287,0.120180083713,0.0,0.0
9412,0.692264959568,0.307684939415,5.01010177063e-05,1.0
6288,0.222723921428,0.755692067498,0.0215840110738,1.0
18012,0.972487488567,0.0261503923693,0.00136211906404,0.0
6261,0.961291425482,0.0387085745178,0.0,0.0
8481,0.477936507213,0.486743423832,0.0353200689542,1.0
7926,0.98,0.02,0.0,0.0
8789,0.363798664708,0.127447112555,0.508754222737,2.0
2542,0.4262389297,0.55821742042,0.0155436498803,1.0
3571,0.547350669052,0.122383549888,0.33026578106,1.0
5602,0.829807763371,0.165720385686,0.0044718509432,0.0
570,0.222776775615,0.764964412008,0.0122588123774,0.0
18452,0.99880972731,0.00119027269027,0.0,0.0
10478,0.264494078206,0.318153190672,0.417352731123,2.0
9793,0.994004626942,0.00599537305786,0.0,0.0
7516,0.591952320937,0.407886577795,0.000161101267916,1.0
15506,0.170718187645,0.301759290615,0.52752252174,0.0
4969,0.778761826315,0.210478852136,0.0107593215488,0.0
11738,0.413733953966,0.233510136968,0.352755909066,1.0
9037,0.919804251813,0.080151598077,4.41501103753e-05,0.0
2180,0.55578780536,0.416626315928,0.0275858787116,1.0
4831,0.618011440646,0.298559902765,0.0834286565886,0.0
4524,0.71574359653,0.22916003503,0.0550963684399,0.0
897,0.988398622026,0.0116013779737,0.0,0.0
11590,0.78961987349,0.20555146702,0.00482865948961,0.0
16275,0.122404104024,0.100565376987,0.77703051899,2.0
6421,0.441388023198,0.34622573533,0.212386241472,0.0
12977,0.950922721236,0.049077278764,0.0,0.0
10389,0.986671847074,0.013328152926,0.0,0.0
716,0.326300936003,0.509888941489,0.163810122509,2.0
3821,0.921919461384,0.0762690775586,0.00181146105714,0.0
9584,0.91883382912,0.0811661708799,0.0,0.0
18110,0.328105624484,0.422512372667,0.249382002849,2.0
2184,0.358584209419,0.287550499362,0.353865291218,0.0
4253,0.889463344117,0.067857140883,0.0426795150002,0.0
149,0.926993027873,0.0730069721268,0.0,0.0
18163,0.994217189188,0.00568230076104,0.000100510051005,0.0
17847,0.917201894321,0.0827981056785,0.0,0.0
14558,0.386237898512,0.114265853519,0.499496247969,1.0
16573,0.903820041935,0.0911151407507,0.00506481731448,0.0
18039,0.664066921522,0.309764744292,0.0261683341865,1.0
1428,0.579786713742,0.342398868265,0.0778144179932,1.0
13919,0.925993105358,0.0536993694838,0.0203075251577,0.0
5775,0.249732490797,0.520141918118,0.230125591085,1.0
12068,0.671778460612,0.3178380859,0.0103834534887,0.0
2596,0.980991333961,0.0190086660395,0.0,0.0
15036,0.422268927894,0.381785960775,0.195945111331,0.0
13999,0.815410649781,0.164202576916,0.020386773303,0.0
3182,0.937035190357,0.0629400571675,2.47524752475e-05,0.0
18498,0.21131523841,0.590220892414,0.198463869176,0.0
2860,0.121579605492,0.777457266711,0.100963127797,1.0
6724,0.909844515169,0.0781684708539,0.0119870139774,0.0
5413,0.234871430827,0.277684788509,0.487443780664,2.0
